# ----- Rotor performance tables for the DTU_10MW_RWT wind turbine ----- 
# ------------ Written on Oct-30-19 using the ROSCO toolbox ------------ 

# Pitch angle vector - x axis (matrix columns) (deg)
-1.0   -0.5   0.0   0.5   1.0   1.5   2.0   2.5   3.0   3.5   4.0   4.5   5.0   5.5   6.0   6.5   7.0   7.5   8.0   8.5   9.0   9.5   10.0   10.5   11.0   11.5   12.0   12.5   13.0   13.5   14.0   14.5   15.0   15.5   16.0   16.5   17.0   17.5   18.0   18.5   19.0   19.5   20.0   20.5   21.0   21.5   22.0   22.5   23.0   23.5   24.0   24.5   
# TSR vector - y axis (matrix rows) (-)
3.0    3.5    4.0    4.5    5.0    5.5    6.0    6.5    7.0    7.5    8.0    8.5    9.0    9.5    10.0    10.5    11.0    11.5    12.0    12.5    13.0    13.5    14.0    14.5    
# Wind speed vector - z axis (m/s)
11.4    

# Power coefficient

0.090725   0.095153   0.099567   0.103957   0.108311   0.112613   0.116846   0.120993   0.125035   0.128949   0.132714   0.136303   0.139691   0.142850   0.145752   0.148372   0.150688   0.152680   0.154335   0.155643   0.156600   0.157203   0.157454   0.157359   0.156927   0.156169   0.155099   0.153732   0.152085   0.150175   0.148021   0.145638   0.143044   0.140254   0.137281   0.134139   0.130839   0.127389   0.123799   0.120073   0.116217   0.112235   0.108129   0.103902   0.099557   0.095096   0.090522   0.085836   0.081042   0.076143   0.071142   0.066044   
0.147699   0.153602   0.159340   0.164882   0.170191   0.175229   0.179953   0.184318   0.188279   0.191798   0.194845   0.197403   0.199460   0.201013   0.202063   0.202616   0.202682   0.202278   0.201421   0.200136   0.198447   0.196382   0.193966   0.191226   0.188185   0.184866   0.181289   0.177476   0.173442   0.169203   0.164771   0.160156   0.155365   0.150403   0.145276   0.139986   0.134535   0.128925   0.123159   0.117238   0.111163   0.104938   0.098564   0.092047   0.085389   0.078597   0.071677   0.064638   0.057488   0.050241   0.042909   0.035507   
0.215776   0.222158   0.228014   0.233276   0.237895   0.241839   0.245096   0.247666   0.249557   0.250781   0.251356   0.251305   0.250655   0.249439   0.247693   0.245452   0.242753   0.239628   0.236110   0.232227   0.228007   0.223474   0.218651   0.213558   0.208212   0.202627   0.196814   0.190780   0.184529   0.178065   0.171389   0.164505   0.157413   0.150115   0.142613   0.134907   0.127001   0.118896   0.110599   0.102112   0.093443   0.084602   0.075599   0.066446   0.057160   0.047759   0.038262   0.028690   0.019064   0.009408   -0.000256   -0.009906   
0.285729   0.290500   0.294376   0.297377   0.299531   0.300868   0.301422   0.301231   0.300334   0.298773   0.296593   0.293837   0.290543   0.286750   0.282492   0.277802   0.272707   0.267236   0.261414   0.255263   0.248802   0.242047   0.235005   0.227684   0.220085   0.212213   0.204069   0.195656   0.186974   0.178026   0.168813   0.159337   0.149600   0.139607   0.129363   0.118876   0.108155   0.097211   0.086057   0.074709   0.063186   0.051509   0.039703   0.027793   0.015807   0.003772   -0.008282   -0.020327   -0.032335   -0.044277   -0.056127   -0.067859   
0.346312   0.348468   0.349711   0.350087   0.349643   0.348425   0.346478   0.343847   0.340571   0.336688   0.332236   0.327249   0.321760   0.315798   0.309393   0.302567   0.295344   0.287742   0.279774   0.271447   0.262764   0.253730   0.244348   0.234618   0.224545   0.214129   0.203375   0.192287   0.180868   0.169124   0.157061   0.144687   0.132010   0.119041   0.105793   0.092281   0.078525   0.064547   0.050375   0.036037   0.021564   0.006988   -0.007658   -0.022338   -0.037018   -0.051665   -0.066246   -0.080728   -0.095083   -0.109281   -0.123297   -0.137107   
0.393700   0.393787   0.393019   0.391438   0.389079   0.385978   0.382173   0.377698   0.372583   0.366860   0.360556   0.353701   0.346322   0.338442   0.330082   0.321257   0.311974   0.302238   0.292052   0.281422   0.270353   0.258850   0.246919   0.234565   0.221795   0.208615   0.195030   0.181046   0.166670   0.151913   0.136786   0.121300   0.105474   0.089326   0.072880   0.056167   0.039218   0.022067   0.004751   -0.012693   -0.030227   -0.047809   -0.065399   -0.082957   -0.100444   -0.117819   -0.135046   -0.152090   -0.168921   -0.185511   -0.201833   -0.217862   
0.428567   0.427626   0.425794   0.423102   0.419581   0.415264   0.410179   0.404358   0.397833   0.390633   0.382785   0.374311   0.365231   0.355559   0.345306   0.334480   0.323089   0.311143   0.298649   0.285616   0.272051   0.257963   0.243358   0.228244   0.212628   0.196517   0.179920   0.162847   0.145311   0.127326   0.108909   0.090085   0.070881   0.051332   0.031474   0.011343   -0.009021   -0.029573   -0.050268   -0.071058   -0.091892   -0.112719   -0.133491   -0.154157   -0.174671   -0.194987   -0.215066   -0.234874   -0.254375   -0.273535   -0.292322   -0.310700   
0.451764   0.450955   0.449043   0.446086   0.442132   0.437225   0.431404   0.424707   0.417170   0.408825   0.399699   0.389812   0.379179   0.367814   0.355729   0.342939   0.329456   0.315292   0.300458   0.284964   0.268821   0.252038   0.234624   0.216588   0.197939   0.178687   0.158848   0.138434   0.117467   0.095971   0.073974   0.051514   0.028628   0.005360   -0.018244   -0.042134   -0.066256   -0.090552   -0.114959   -0.139414   -0.163853   -0.188212   -0.212429   -0.236446   -0.260214   -0.283687   -0.306822   -0.329575   -0.351904   -0.373767   -0.395124   -0.415935   
0.463552   0.464047   0.463201   0.460982   0.457431   0.452640   0.446686   0.439627   0.431512   0.422375   0.412252   0.401168   0.389146   0.376206   0.362368   0.347652   0.332076   0.315656   0.298407   0.280344   0.261480   0.241826   0.221394   0.200196   0.178247   0.155562   0.132159   0.108061   0.083300   0.057915   0.031949   0.005451   -0.021527   -0.048927   -0.076686   -0.104734   -0.132995   -0.161389   -0.189835   -0.218255   -0.246571   -0.274707   -0.302598   -0.330186   -0.357419   -0.384243   -0.410607   -0.436460   -0.461749   -0.486418   -0.510386   -0.533561   
0.465570   0.468057   0.469147   0.468611   0.466423   0.462574   0.457140   0.450237   0.441952   0.432347   0.421469   0.409367   0.396078   0.381633   0.366062   0.349395   0.331658   0.312875   0.293065   0.272249   0.250442   0.227659   0.203914   0.179224   0.153609   0.127092   0.099706   0.071493   0.042500   0.012781   -0.017603   -0.048584   -0.080089   -0.112037   -0.144341   -0.176907   -0.209638   -0.242435   -0.275201   -0.307843   -0.340276   -0.372426   -0.404226   -0.435613   -0.466520   -0.496882   -0.526617   -0.555568   -0.583824   -0.611272   -0.637930   -0.663736   
0.460366   0.465304   0.468620   0.470241   0.470072   0.467853   0.463603   0.457358   0.449270   0.439465   0.428030   0.415036   0.400547   0.384611   0.367272   0.348572   0.328547   0.307227   0.284637   0.260801   0.235738   0.209471   0.182022   0.153420   0.123698   0.092899   0.061076   0.028291   -0.005386   -0.039880   -0.075109   -0.110983   -0.147405   -0.184269   -0.221463   -0.258869   -0.296372   -0.333859   -0.371219   -0.408353   -0.445173   -0.481601   -0.517549   -0.552897   -0.587477   -0.621431   -0.654562   -0.686973   -0.718402   -0.748902   -0.778476   -0.807071   
0.449570   0.457055   0.463036   0.467120   0.469088   0.468938   0.466369   0.461301   0.453808   0.444072   0.432257   0.418477   0.402823   0.385371   0.366179   0.345300   0.322782   0.298667   0.272991   0.245786   0.217085   0.186923   0.155340   0.122386   0.088118   0.052602   0.015915   -0.021862   -0.060637   -0.100312   -0.140781   -0.181930   -0.223637   -0.265772   -0.308197   -0.350774   -0.393370   -0.435852   -0.478102   -0.520008   -0.561408   -0.602124   -0.642285   -0.681739   -0.720514   -0.758255   -0.795201   -0.831131   -0.866167   -0.900270   -0.933248   -0.965313   
0.435068   0.444449   0.452860   0.459611   0.464183   0.466196   0.465603   0.462129   0.455651   0.446291   0.434269   0.419778   0.402949   0.383892   0.362690   0.339417   0.314141   0.286921   0.257812   0.226866   0.194138   0.159686   0.123572   0.085867   0.046654   0.006021   -0.035934   -0.079105   -0.123381   -0.168638   -0.214747   -0.261568   -0.308948   -0.356728   -0.404743   -0.452832   -0.500834   -0.548551   -0.595689   -0.642447   -0.688643   -0.734289   -0.778924   -0.822920   -0.865875   -0.908145   -0.949442   -0.989601   -1.028825   -1.066815   -1.103865   -1.139845   
0.418406   0.429068   0.439183   0.448240   0.455422   0.460025   0.461569   0.459879   0.454732   0.446038   0.433966   0.418797   0.400739   0.379949   0.356549   0.330644   0.302336   0.271712   0.238852   0.203832   0.166730   0.127627   0.086611   0.043777   -0.000772   -0.046924   -0.094559   -0.143549   -0.193753   -0.245022   -0.297195   -0.350099   -0.403546   -0.457340   -0.511262   -0.564858   -0.618335   -0.671452   -0.724272   -0.776202   -0.827662   -0.878167   -0.928200   -0.977377   -1.025417   -1.072637   -1.118589   -1.163658   -1.207568   -1.250066   -1.291532   -1.331718   
0.400062   0.412005   0.423408   0.433976   0.443298   0.450398   0.454362   0.454578   0.450871   0.443043   0.431091   0.415279   0.395941   0.373303   0.347544   0.318809   0.287235   0.252943   0.216042   0.176635   0.134824   0.090715   0.044419   -0.003945   -0.054247   -0.106352   -0.160111   -0.215366   -0.271946   -0.329667   -0.388328   -0.447708   -0.507430   -0.567213   -0.627112   -0.686993   -0.746386   -0.805429   -0.863783   -0.921857   -0.979380   -1.035771   -1.091598   -1.146172   -1.200039   -1.252824   -1.304134   -1.354391   -1.403190   -1.450742   -1.497122   -1.542221   
0.379876   0.393285   0.406031   0.417846   0.428507   0.437542   0.443798   0.446131   0.443908   0.437072   0.425398   0.409049   0.388430   0.363875   0.335631   0.303892   0.268836   0.230621   0.189387   0.145266   0.098388   0.048887   -0.003098   -0.057419   -0.113919   -0.172429   -0.232770   -0.294747   -0.358148   -0.422729   -0.487861   -0.553711   -0.620075   -0.686807   -0.753031   -0.819350   -0.885257   -0.951215   -1.016253   -1.080969   -1.144603   -1.207735   -1.270000   -1.330943   -1.390821   -1.449336   -1.506561   -1.562530   -1.617057   -1.670111   -1.721841   -1.772191   
0.357591   0.372616   0.386820   0.399922   0.411748   0.421965   0.430004   0.434356   0.433865   0.428036   0.416817   0.400079   0.378215   0.351695   0.320846   0.285922   0.247151   0.204733   0.158846   0.109658   0.057331   0.002030   -0.056073   -0.116797   -0.179951   -0.245328   -0.312705   -0.381820   -0.451871   -0.523359   -0.595861   -0.668945   -0.742306   -0.815657   -0.889646   -0.963525   -1.036773   -1.109794   -1.182138   -1.254153   -1.325239   -1.395154   -1.464183   -1.531771   -1.598343   -1.663539   -1.727146   -1.789229   -1.849760   -1.908739   -1.966345   -2.022570   
0.332893   0.349721   0.365505   0.379993   0.393031   0.404329   0.413446   0.419500   0.420707   0.416097   0.405392   0.388395   0.365331   0.336785   0.303191   0.264880   0.222139   0.175219   0.124343   0.069715   0.011538   -0.049987   -0.114650   -0.182231   -0.252491   -0.325156   -0.399289   -0.475607   -0.553562   -0.632454   -0.712599   -0.793000   -0.874776   -0.956425   -1.038265   -1.119623   -1.201227   -1.282459   -1.362701   -1.442330   -1.520821   -1.598438   -1.674988   -1.750112   -1.823742   -1.895875   -1.966204   -2.035014   -2.102189   -2.167762   -2.231792   -2.294359   
0.305625   0.324411   0.341969   0.357989   0.372329   0.384756   0.394838   0.401882   0.404652   0.401314   0.391155   0.373986   0.349766   0.319118   0.282629   0.240716   0.193735   0.141999   0.085778   0.025326   -0.039114   -0.107295   -0.178958   -0.253818   -0.330798   -0.410809   -0.493183   -0.577120   -0.662769   -0.750018   -0.839085   -0.928246   -1.018437   -1.108523   -1.199276   -1.289897   -1.379658   -1.469152   -1.557847   -1.645956   -1.733059   -1.818748   -1.903241   -1.986068   -2.067400   -2.147044   -2.224910   -2.300984   -2.375296   -2.447907   -2.518895   -2.588356   
0.275821   0.296677   0.316157   0.333882   0.349653   0.363273   0.374321   0.382122   0.385831   0.383690   0.374168   0.356829   0.331475   0.298650   0.259105   0.213363   0.161861   0.104980   0.043051   -0.023620   -0.094735   -0.169984   -0.248159   -0.330327   -0.415705   -0.503415   -0.593629   -0.686407   -0.781660   -0.877997   -0.975772   -1.074402   -1.174116   -1.273822   -1.373556   -1.473087   -1.572261   -1.671143   -1.769145   -1.866093   -1.961990   -2.056316   -2.149350   -2.240743   -2.330351   -2.418075   -2.503872   -2.587754   -2.669770   -2.749995   -2.828524   -2.905471   
0.243800   0.266571   0.288072   0.307619   0.324945   0.339846   0.351878   0.360370   0.364592   0.363326   0.354405   0.336876   0.310400   0.275324   0.232555   0.182747   0.126432   0.064073   -0.003931   -0.077206   -0.155332   -0.236750   -0.323261   -0.413015   -0.506204   -0.602986   -0.703204   -0.805388   -0.909705   -1.016117   -1.124206   -1.232848   -1.342129   -1.451658   -1.561313   -1.671099   -1.780216   -1.888818   -1.996348   -2.102927   -2.208262   -2.312120   -2.414319   -2.514695   -2.613116   -2.709499   -2.803821   -2.896113   -2.986440   -3.074890   -3.161575   -3.246628   
0.209807   0.234329   0.257696   0.279151   0.298127   0.314403   0.327456   0.336622   0.341221   0.340258   0.331832   0.314111   0.286482   0.249076   0.202910   0.148794   0.087372   0.019202   -0.055219   -0.134577   -0.219858   -0.308903   -0.402977   -0.501800   -0.605158   -0.711493   -0.820942   -0.933652   -1.048987   -1.165695   -1.283871   -1.402964   -1.522817   -1.643362   -1.763648   -1.883953   -2.003482   -2.122506   -2.240567   -2.357414   -2.472830   -2.586612   -2.698573   -2.808543   -2.916396   -3.022064   -3.125542   -3.226878   -3.326150   -3.423464   -3.518948   -3.612756   
0.174213   0.200143   0.225191   0.248430   0.269145   0.286859   0.300995   0.310819   0.315710   0.314733   0.306480   0.288511   0.259663   0.219846   0.170104   0.111438   0.044624   -0.029611   -0.109649   -0.196831   -0.289332   -0.386277   -0.490418   -0.598702   -0.711245   -0.828326   -0.949184   -1.072470   -1.198117   -1.325993   -1.455313   -1.586100   -1.717231   -1.849018   -1.980506   -2.112026   -2.243002   -2.373145   -2.502193   -2.629902   -2.756042   -2.880398   -3.002771   -3.122987   -3.240926   -3.356536   -3.469831   -3.580871   -3.689752   -3.796595   -3.901547   -4.004784   
0.137700   0.164291   0.190736   0.215531   0.237929   0.257163   0.272403   0.282911   0.288041   0.286899   0.278343   0.260023   0.229887   0.187574   0.134085   0.070647   -0.001401   -0.081416   -0.168977   -0.262963   -0.363861   -0.470902   -0.583925   -0.702913   -0.826986   -0.954735   -1.086103   -1.220979   -1.358415   -1.498372   -1.639550   -1.782222   -1.925252   -2.068996   -2.212769   -2.356231   -2.499069   -2.640986   -2.781704   -2.920962   -3.058515   -3.194131   -3.327599   -3.458743   -3.587451   -3.713689   -3.837486   -3.958919   -4.078097   -4.195158   -4.310273   -4.423639   


#  Thrust coefficient

0.193667   0.195388   0.197147   0.198930   0.200723   0.202508   0.204268   0.205981   0.207627   0.209181   0.210620   0.211918   0.213051   0.213992   0.214716   0.215200   0.215423   0.215365   0.215010   0.214345   0.213360   0.212051   0.210415   0.208456   0.206182   0.203605   0.200739   0.197602   0.194214   0.190594   0.186761   0.182735   0.178534   0.174176   0.169677   0.165051   0.160312   0.155469   0.150533   0.145511   0.140409   0.135231   0.129979   0.124658   0.119270   0.113816   0.108299   0.102721   0.097083   0.091389   0.085642   0.079846   
0.262147   0.264612   0.266969   0.269186   0.271225   0.273049   0.274619   0.275897   0.276846   0.277432   0.277628   0.277407   0.276750   0.275643   0.274077   0.272052   0.269570   0.266645   0.263295   0.259546   0.255427   0.250970   0.246204   0.241162   0.235871   0.230358   0.224650   0.218769   0.212734   0.206564   0.200273   0.193872   0.187367   0.180764   0.174067   0.167278   0.160398   0.153427   0.146366   0.139217   0.131979   0.124656   0.117248   0.109760   0.102197   0.094564   0.086869   0.079121   0.071332   0.063514   0.055682   0.047851   
0.343165   0.345246   0.346915   0.348121   0.348818   0.348968   0.348541   0.347516   0.345879   0.343625   0.340759   0.337292   0.333250   0.328666   0.323583   0.318048   0.312106   0.305802   0.299176   0.292268   0.285111   0.277736   0.270170   0.262436   0.254554   0.246537   0.238396   0.230135   0.221757   0.213264   0.204655   0.195932   0.187093   0.178137   0.169065   0.159876   0.150572   0.141156   0.131632   0.122007   0.112288   0.102486   0.092613   0.082682   0.072712   0.062722   0.052731   0.042764   0.032842   0.022988   0.013226   0.003577   
0.429132   0.429004   0.428115   0.426447   0.423993   0.420757   0.416754   0.412010   0.406569   0.400483   0.393817   0.386632   0.378988   0.370939   0.362535   0.353820   0.344833   0.335606   0.326169   0.316546   0.306756   0.296814   0.286725   0.276495   0.266122   0.255607   0.244949   0.234147   0.223199   0.212105   0.200865   0.189478   0.177948   0.166278   0.154474   0.142543   0.130497   0.118346   0.106107   0.093797   0.081439   0.069057   0.056679   0.044332   0.032045   0.019848   0.007770   -0.004162   -0.015920   -0.027477   -0.038808   -0.049892   
0.511654   0.507798   0.503016   0.497346   0.490837   0.483558   0.475586   0.466997   0.457860   0.448239   0.438193   0.427772   0.417021   0.405978   0.394677   0.383148   0.371413   0.359491   0.347392   0.335120   0.322674   0.310053   0.297258   0.284286   0.271137   0.257813   0.244312   0.230638   0.216791   0.202774   0.188593   0.174255   0.159772   0.145155   0.130421   0.115589   0.100682   0.085728   0.070758   0.055806   0.040903   0.026086   0.011388   -0.003156   -0.017512   -0.031650   -0.045539   -0.059153   -0.072466   -0.085452   -0.098092   -0.110366   
0.585966   0.577974   0.569138   0.559544   0.549270   0.538387   0.526962   0.515057   0.502723   0.490010   0.476957   0.463599   0.449970   0.436096   0.421995   0.407681   0.393155   0.378417   0.363468   0.348309   0.332940   0.317362   0.301578   0.285589   0.269399   0.253010   0.236427   0.219654   0.202700   0.185574   0.168292   0.150870   0.133329   0.115694   0.097997   0.080272   0.062557   0.044890   0.027309   0.009854   -0.007439   -0.024531   -0.041384   -0.057964   -0.074236   -0.090167   -0.105727   -0.120887   -0.135624   -0.149916   -0.163740   -0.177076   
0.651895   0.640343   0.628074   0.615158   0.601659   0.587638   0.573146   0.558232   0.542939   0.527304   0.511359   0.495129   0.478631   0.461874   0.444861   0.427594   0.410076   0.392311   0.374302   0.356053   0.337567   0.318850   0.299906   0.280739   0.261353   0.241756   0.221955   0.201963   0.181797   0.161475   0.141022   0.120468   0.099849   0.079205   0.058578   0.038007   0.017535   -0.002796   -0.022942   -0.042859   -0.062502   -0.081827   -0.100794   -0.119361   -0.137491   -0.155148   -0.172302   -0.188925   -0.204991   -0.220472   -0.235342   -0.249575   
0.710758   0.696349   0.681218   0.665444   0.649096   0.632232   0.614903   0.597156   0.579026   0.560545   0.541734   0.522604   0.503163   0.483416   0.463370   0.443032   0.422409   0.401506   0.380330   0.358888   0.337184   0.315226   0.293018   0.270566   0.247879   0.224967   0.201849   0.178544   0.155078   0.131482   0.107794   0.084057   0.060316   0.036616   0.013004   -0.010471   -0.033758   -0.056805   -0.079556   -0.101957   -0.123955   -0.145500   -0.166541   -0.187035   -0.206944   -0.226235   -0.244875   -0.262831   -0.280072   -0.296566   -0.312281   -0.327186   
0.762779   0.746139   0.728761   0.710653   0.691866   0.672482   0.652568   0.632172   0.611334   0.590079   0.568427   0.546394   0.523989   0.501224   0.478110   0.454657   0.430875   0.406775   0.382363   0.357648   0.332636   0.307333   0.281746   0.255886   0.229768   0.203411   0.176837   0.150076   0.123169   0.096163   0.069109   0.042058   0.015064   -0.011817   -0.038525   -0.064997   -0.091166   -0.116963   -0.142325   -0.167186   -0.191488   -0.215175   -0.238196   -0.260514   -0.282088   -0.302884   -0.322862   -0.341986   -0.360217   -0.377511   -0.393794   -0.408972   
0.808783   0.790216   0.771029   0.751085   0.730374   0.708893   0.686699   0.663876   0.640481   0.616555   0.592126   0.567224   0.541871   0.516081   0.489872   0.463260   0.436258   0.408879   0.381131   0.353025   0.324566   0.295762   0.266624   0.237167   0.207415   0.177397   0.147156   0.116740   0.086208   0.055618   0.025034   -0.005477   -0.035846   -0.066000   -0.095862   -0.125355   -0.154397   -0.182911   -0.210823   -0.238066   -0.264577   -0.290307   -0.315210   -0.339243   -0.362362   -0.384518   -0.405645   -0.425592   -0.444471   -0.462187   -0.478769   -0.494173   
0.850496   0.830160   0.809223   0.787633   0.765324   0.742113   0.717998   0.692993   0.667201   0.640704   0.613561   0.585814   0.557503   0.528655   0.499291   0.469434   0.439102   0.408307   0.377058   0.345364   0.313236   0.280688   0.247743   0.214433   0.180798   0.146890   0.112775   0.078522   0.044204   0.009897   -0.024321   -0.058369   -0.092160   -0.125607   -0.158618   -0.191101   -0.222967   -0.254135   -0.284528   -0.314076   -0.342723   -0.370416   -0.397095   -0.422661   -0.446947   -0.470149   -0.492076   -0.512867   -0.532263   -0.550344   -0.567129   -0.582583   
0.889441   0.867247   0.844696   0.821520   0.797559   0.772793   0.746986   0.720055   0.692043   0.663071   0.633251   0.602657   0.571345   0.539359   0.506725   0.473467   0.439610   0.405170   0.370166   0.334615   0.298543   0.261981   0.224975   0.187579   0.149863   0.111901   0.073777   0.035574   -0.002620   -0.040714   -0.078615   -0.116227   -0.153453   -0.190188   -0.226330   -0.261776   -0.296431   -0.330206   -0.363020   -0.394799   -0.425410   -0.454677   -0.482803   -0.509648   -0.535289   -0.559371   -0.582182   -0.603516   -0.623522   -0.642179   -0.659300   -0.675130   
0.927318   0.902677   0.878202   0.853403   0.827924   0.801497   0.774059   0.745363   0.715308   0.683965   0.651484   0.617991   0.583568   0.548283   0.512175   0.475285   0.437649   0.399300   0.360274   0.320610   0.280360   0.239580   0.198339   0.156715   0.114799   0.072683   0.030463   -0.011762   -0.053892   -0.095824   -0.137452   -0.178665   -0.219347   -0.259380   -0.298645   -0.337029   -0.374421   -0.410670   -0.445483   -0.479152   -0.511521   -0.542666   -0.572120   -0.600333   -0.626918   -0.652275   -0.676144   -0.698367   -0.719201   -0.738352   -0.756131   -0.772420   
0.965387   0.937746   0.910711   0.883881   0.856717   0.828734   0.799593   0.769107   0.737073   0.703414   0.668235   0.631726   0.594028   0.555242   0.515440   0.474685   0.433043   0.390572   0.347331   0.303386   0.258808   0.213681   0.168093   0.122143   0.075937   0.029580   -0.016819   -0.063148   -0.109292   -0.155132   -0.200544   -0.245398   -0.289557   -0.332879   -0.375204   -0.416093   -0.455848   -0.494282   -0.531540   -0.567032   -0.601264   -0.633784   -0.665134   -0.694981   -0.723037   -0.749715   -0.774560   -0.798002   -0.819792   -0.839657   -0.858024   -0.874639   
1.004155   0.973300   0.943266   0.913732   0.884387   0.854585   0.823713   0.791299   0.757170   0.721162   0.683255   0.643624   0.602508   0.560064   0.516411   0.471641   0.425848   0.379117   0.331534   0.283189   0.234174   0.184591   0.134550   0.084168   0.033563   -0.017143   -0.067824   -0.118353   -0.168595   -0.218411   -0.267651   -0.316153   -0.363590   -0.409698   -0.454674   -0.498458   -0.540638   -0.581407   -0.620511   -0.658411   -0.694930   -0.729468   -0.762724   -0.794002   -0.823921   -0.852147   -0.878270   -0.902785   -0.925294   -0.946008   -0.965026   -0.982230   
1.043720   1.009484   0.976198   0.943539   0.911294   0.879099   0.846197   0.811788   0.775401   0.736981   0.696343   0.653586   0.608998   0.562821   0.515227   0.466344   0.416296   0.365198   0.313160   0.260294   0.206718   0.152554   0.097934   0.042994   -0.012131   -0.067300   -0.122369   -0.177187   -0.231593   -0.285403   -0.337992   -0.389619   -0.440216   -0.489748   -0.537317   -0.583728   -0.628482   -0.672200   -0.713914   -0.754330   -0.792741   -0.829789   -0.865187   -0.898491   -0.929999   -0.959483   -0.987014   -1.012682   -1.036312   -1.057866   -1.077498   -1.095144   
1.083856   1.046036   1.009270   0.973220   0.937712   0.902461   0.867039   0.830418   0.791810   0.750876   0.707561   0.661741   0.613684   0.563735   0.512132   0.459042   0.404627   0.349037   0.292411   0.234889   0.176613   0.117733   0.058401   -0.001227   -0.060992   -0.120732   -0.180272   -0.239410   -0.297283   -0.354587   -0.411007   -0.466200   -0.519898   -0.571988   -0.623234   -0.673015   -0.720787   -0.767177   -0.811697   -0.854879   -0.896158   -0.935279   -0.972690   -1.007805   -1.041150   -1.072399   -1.101350   -1.128095   -1.152628   -1.174935   -1.195195   -1.213381   
1.124229   1.082645   1.042204   1.002588   0.963633   0.925091   0.886597   0.847464   0.806521   0.763134   0.717122   0.668293   0.616779   0.563011   0.507309   0.449903   0.390997   0.330780   0.269426   0.207104   0.143988   0.080254   0.016079   -0.048356   -0.112863   -0.177221   -0.240370   -0.303308   -0.365584   -0.426519   -0.486611   -0.544899   -0.602790   -0.658815   -0.713369   -0.765941   -0.817371   -0.867155   -0.914691   -0.960456   -1.004024   -1.045704   -1.085403   -1.122795   -1.157846   -1.190611   -1.220799   -1.248721   -1.274273   -1.297480   -1.318386   -1.337042   
1.164636   1.119208   1.075012   1.031729   0.989209   0.947249   0.905480   0.863304   0.819855   0.773973   0.725203   0.673381   0.618421   0.560774   0.500883   0.439046   0.375519   0.310537   0.244311   0.177048   0.108954   0.040236   -0.028897   -0.098212   -0.166427   -0.234844   -0.302871   -0.369667   -0.435613   -0.500683   -0.565382   -0.627920   -0.689543   -0.749112   -0.807673   -0.864506   -0.918860   -0.971588   -1.022145   -1.070913   -1.117536   -1.161648   -1.203554   -1.242835   -1.279707   -1.314031   -1.345744   -1.374848   -1.401373   -1.425368   -1.446886   -1.465989   
1.205036   1.155841   1.107848   1.060836   1.014657   0.969155   0.923957   0.878459   0.832024   0.783511   0.731970   0.677106   0.618695   0.557117   0.492945   0.426561   0.358283   0.288396   0.217159   0.144821   0.071627   -0.002171   -0.075046   -0.148619   -0.222146   -0.294629   -0.366542   -0.438039   -0.509323   -0.578911   -0.647515   -0.714549   -0.780596   -0.844595   -0.906659   -0.966800   -1.024886   -1.081198   -1.135202   -1.186794   -1.236101   -1.282647   -1.326811   -1.368304   -1.407033   -1.442942   -1.476014   -1.506272   -1.533761   -1.558536   -1.580661   -1.600202   
1.245121   1.192588   1.140858   1.090036   1.040092   0.990926   0.942144   0.893134   0.843335   0.791909   0.737506   0.679533   0.617668   0.552114   0.483570   0.412524   0.339365   0.264443   0.188069   0.110545   0.032222   -0.044523   -0.123101   -0.200891   -0.278474   -0.356111   -0.433941   -0.510339   -0.585860   -0.660535   -0.734284   -0.806010   -0.875946   -0.943969   -1.010017   -1.074354   -1.136222   -1.195905   -1.252968   -1.307619   -1.359686   -1.409018   -1.455508   -1.499062   -1.539604   -1.577092   -1.611530   -1.642952   -1.671412   -1.696974   -1.719705   -1.739683   
1.284600   1.229100   1.173991   1.119370   1.065564   1.012618   0.960108   0.907426   0.854054   0.799276   0.741877   0.680749   0.615394   0.545826   0.472823   0.397007   0.318849   0.238776   0.157179   0.076113   -0.006783   -0.088452   -0.171175   -0.254498   -0.338505   -0.421398   -0.503731   -0.585776   -0.667212   -0.746794   -0.824830   -0.901068   -0.975455   -1.048241   -1.118502   -1.186723   -1.252213   -1.315402   -1.375958   -1.433742   -1.488640   -1.540547   -1.589360   -1.634987   -1.677359   -1.716449   -1.752273   -1.784877   -1.814323   -1.840680   -1.864023   -1.884437   
1.323031   1.265093   1.206957   1.148795   1.091101   1.034261   0.977897   0.921387   0.864264   0.805842   0.745187   0.680829   0.611928   0.538313   0.460773   0.380088   0.296835   0.211590   0.127265   0.039973   -0.047079   -0.133324   -0.222910   -0.311772   -0.400488   -0.489504   -0.578348   -0.665634   -0.751542   -0.836321   -0.919282   -1.000841   -1.079905   -1.157070   -1.231479   -1.303693   -1.373277   -1.440084   -1.503990   -1.564876   -1.622631   -1.677147   -1.728317   -1.776049   -1.820281   -1.861002   -1.898239   -1.932048   -1.962497   -1.989660   -2.013622   -2.034472   
1.359670   1.300229   1.239481   1.178123   1.116684   1.055887   0.995534   0.935069   0.874038   0.811781   0.747512   0.679824   0.607325   0.529636   0.447496   0.361876   0.274450   0.185622   0.095022   0.004200   -0.088271   -0.181726   -0.276127   -0.371504   -0.467229   -0.561783   -0.655397   -0.748389   -0.839897   -0.930349   -1.018468   -1.104900   -1.188618   -1.270279   -1.349360   -1.425701   -1.499160   -1.569604   -1.636908   -1.700951   -1.761616   -1.818789   -1.872358   -1.922234   -1.968365   -2.010751   -2.049432   -2.084472   -2.115942   -2.143924   -2.168509   -2.189797   


# Torque coefficient

0.030271   0.031748   0.033221   0.034685   0.036138   0.037573   0.038986   0.040369   0.041718   0.043024   0.044280   0.045478   0.046608   0.047662   0.048630   0.049505   0.050277   0.050942   0.051494   0.051930   0.052250   0.052451   0.052535   0.052503   0.052359   0.052106   0.051749   0.051293   0.050743   0.050106   0.049387   0.048592   0.047727   0.046796   0.045804   0.044756   0.043654   0.042504   0.041306   0.040063   0.038776   0.037447   0.036077   0.034667   0.033217   0.031729   0.030203   0.028639   0.027040   0.025405   0.023737   0.022036   
0.042240   0.043928   0.045569   0.047154   0.048672   0.050113   0.051464   0.052712   0.053845   0.054851   0.055723   0.056455   0.057043   0.057487   0.057787   0.057945   0.057964   0.057849   0.057604   0.057236   0.056753   0.056163   0.055472   0.054688   0.053818   0.052869   0.051846   0.050756   0.049602   0.048390   0.047122   0.045802   0.044432   0.043013   0.041547   0.040034   0.038475   0.036871   0.035222   0.033528   0.031791   0.030011   0.028188   0.026324   0.024420   0.022478   0.020499   0.018485   0.016441   0.014368   0.012271   0.010154   
0.053995   0.055592   0.057058   0.058375   0.059530   0.060517   0.061332   0.061975   0.062449   0.062755   0.062899   0.062886   0.062723   0.062419   0.061982   0.061422   0.060746   0.059964   0.059084   0.058112   0.057056   0.055922   0.054715   0.053440   0.052103   0.050705   0.049250   0.047740   0.046176   0.044559   0.042888   0.041165   0.039391   0.037565   0.035687   0.033759   0.031780   0.029752   0.027676   0.025552   0.023383   0.021171   0.018918   0.016627   0.014304   0.011951   0.009575   0.007179   0.004771   0.002354   -0.000064   -0.002479   
0.063556   0.064617   0.065479   0.066147   0.066626   0.066923   0.067047   0.067004   0.066804   0.066457   0.065972   0.065359   0.064627   0.063783   0.062836   0.061793   0.060659   0.059442   0.058147   0.056779   0.055342   0.053839   0.052273   0.050645   0.048954   0.047203   0.045392   0.043521   0.041589   0.039599   0.037550   0.035442   0.033276   0.031053   0.028775   0.026442   0.024057   0.021623   0.019142   0.016618   0.014055   0.011457   0.008831   0.006182   0.003516   0.000839   -0.001842   -0.004522   -0.007192   -0.009849   -0.012485   -0.015094   
0.069328   0.069760   0.070009   0.070084   0.069995   0.069751   0.069362   0.068835   0.068179   0.067402   0.066511   0.065512   0.064413   0.063220   0.061937   0.060571   0.059125   0.057603   0.056008   0.054341   0.052603   0.050794   0.048916   0.046968   0.044952   0.042867   0.040714   0.038494   0.036208   0.033857   0.031442   0.028965   0.026427   0.023831   0.021179   0.018474   0.015720   0.012922   0.010085   0.007214   0.004317   0.001399   -0.001533   -0.004472   -0.007411   -0.010343   -0.013262   -0.016161   -0.019035   -0.021877   -0.024683   -0.027447   
0.071650   0.071666   0.071526   0.071238   0.070809   0.070245   0.069552   0.068738   0.067807   0.066765   0.065618   0.064371   0.063028   0.061593   0.060072   0.058466   0.056777   0.055005   0.053151   0.051216   0.049202   0.047108   0.044937   0.042689   0.040365   0.037966   0.035494   0.032949   0.030333   0.027647   0.024894   0.022076   0.019195   0.016257   0.013264   0.010222   0.007137   0.004016   0.000865   -0.002310   -0.005501   -0.008701   -0.011902   -0.015098   -0.018280   -0.021442   -0.024577   -0.027679   -0.030742   -0.033761   -0.036732   -0.039649   
0.071496   0.071339   0.071033   0.070584   0.069997   0.069277   0.068428   0.067457   0.066369   0.065168   0.063858   0.062445   0.060930   0.059316   0.057606   0.055800   0.053899   0.051907   0.049822   0.047648   0.045385   0.043035   0.040598   0.038077   0.035472   0.032784   0.030015   0.027167   0.024242   0.021241   0.018169   0.015028   0.011825   0.008564   0.005251   0.001892   -0.001505   -0.004934   -0.008386   -0.011854   -0.015330   -0.018804   -0.022270   -0.025717   -0.029140   -0.032529   -0.035879   -0.039183   -0.042436   -0.045633   -0.048767   -0.051833   
0.069568   0.069444   0.069149   0.068694   0.068085   0.067329   0.066433   0.065402   0.064241   0.062956   0.061551   0.060028   0.058391   0.056641   0.054780   0.052810   0.050734   0.048553   0.046268   0.043882   0.041396   0.038812   0.036130   0.033353   0.030481   0.027517   0.024461   0.021318   0.018089   0.014779   0.011391   0.007933   0.004409   0.000825   -0.002809   -0.006488   -0.010203   -0.013944   -0.017703   -0.021469   -0.025232   -0.028983   -0.032712   -0.036411   -0.040071   -0.043686   -0.047248   -0.050752   -0.054191   -0.057557   -0.060846   -0.064051   
0.066285   0.066356   0.066235   0.065917   0.065409   0.064724   0.063873   0.062864   0.061703   0.060397   0.058949   0.057364   0.055645   0.053795   0.051816   0.049712   0.047485   0.045137   0.042670   0.040087   0.037390   0.034579   0.031658   0.028627   0.025488   0.022244   0.018898   0.015452   0.011911   0.008281   0.004569   0.000780   -0.003078   -0.006996   -0.010966   -0.014976   -0.019017   -0.023077   -0.027145   -0.031209   -0.035258   -0.039281   -0.043269   -0.047214   -0.051108   -0.054944   -0.058714   -0.062411   -0.066027   -0.069555   -0.072982   -0.076296   
0.062135   0.062467   0.062612   0.062541   0.062249   0.061735   0.061010   0.060089   0.058983   0.057701   0.056249   0.054634   0.052861   0.050933   0.048855   0.046630   0.044263   0.041756   0.039113   0.036334   0.033424   0.030383   0.027214   0.023919   0.020501   0.016962   0.013307   0.009541   0.005672   0.001706   -0.002349   -0.006484   -0.010689   -0.014952   -0.019264   -0.023610   -0.027978   -0.032355   -0.036728   -0.041085   -0.045413   -0.049704   -0.053948   -0.058137   -0.062262   -0.066314   -0.070282   -0.074146   -0.077917   -0.081581   -0.085138   -0.088582   
0.057601   0.058218   0.058633   0.058836   0.058815   0.058537   0.058006   0.057224   0.056212   0.054985   0.053555   0.051929   0.050116   0.048122   0.045953   0.043613   0.041107   0.038440   0.035614   0.032631   0.029495   0.026209   0.022774   0.019196   0.015477   0.011623   0.007642   0.003540   -0.000674   -0.004990   -0.009398   -0.013886   -0.018443   -0.023056   -0.027709   -0.032389   -0.037082   -0.041772   -0.046447   -0.051093   -0.055700   -0.060257   -0.064755   -0.069178   -0.073505   -0.077753   -0.081898   -0.085953   -0.089886   -0.093702   -0.097402   -0.100980   
0.052941   0.053822   0.054527   0.055008   0.055239   0.055222   0.054919   0.054322   0.053440   0.052294   0.050902   0.049279   0.047436   0.045381   0.043121   0.040662   0.038011   0.035171   0.032147   0.028944   0.025564   0.022012   0.018293   0.014412   0.010377   0.006194   0.001874   -0.002574   -0.007141   -0.011813   -0.016578   -0.021424   -0.026335   -0.031297   -0.036293   -0.041307   -0.046323   -0.051326   -0.056301   -0.061236   -0.066111   -0.070906   -0.075635   -0.080281   -0.084847   -0.089291   -0.093642   -0.097873   -0.101999   -0.106015   -0.109898   -0.113674   
0.048387   0.049430   0.050366   0.051117   0.051625   0.051849   0.051783   0.051397   0.050676   0.049635   0.048298   0.046686   0.044815   0.042695   0.040337   0.037749   0.034938   0.031910   0.028673   0.025231   0.021591   0.017760   0.013743   0.009550   0.005189   0.000670   -0.003996   -0.008798   -0.013722   -0.018755   -0.023884   -0.029091   -0.034360   -0.039674   -0.045014   -0.050363   -0.055701   -0.061008   -0.066251   -0.071451   -0.076589   -0.081665   -0.086630   -0.091523   -0.096300   -0.101001   -0.105594   -0.110060   -0.114423   -0.118648   -0.122769   -0.126770   
0.044085   0.045208   0.046274   0.047228   0.047985   0.048470   0.048633   0.048454   0.047912   0.046996   0.045724   0.044126   0.042223   0.040033   0.037567   0.034838   0.031855   0.028629   0.025166   0.021476   0.017567   0.013447   0.009126   0.004613   -0.000081   -0.004944   -0.009963   -0.015125   -0.020414   -0.025816   -0.031314   -0.036888   -0.042519   -0.048187   -0.053868   -0.059515   -0.065150   -0.070746   -0.076312   -0.081783   -0.087205   -0.092527   -0.097798   -0.102980   -0.108041   -0.113017   -0.117858   -0.122607   -0.127233   -0.131711   -0.136080   -0.140314   
0.040044   0.041240   0.042381   0.043439   0.044372   0.045083   0.045480   0.045501   0.045130   0.044347   0.043150   0.041567   0.039632   0.037366   0.034787   0.031911   0.028751   0.025318   0.021625   0.017680   0.013495   0.009080   0.004446   -0.000395   -0.005430   -0.010645   -0.016026   -0.021557   -0.027220   -0.032998   -0.038870   -0.044813   -0.050791   -0.056775   -0.062771   -0.068765   -0.074710   -0.080620   -0.086461   -0.092274   -0.098031   -0.103676   -0.109264   -0.114726   -0.120118   -0.125402   -0.130538   -0.135568   -0.140453   -0.145212   -0.149855   -0.154369   
0.036213   0.037491   0.038706   0.039833   0.040849   0.041710   0.042307   0.042529   0.042317   0.041666   0.040553   0.038994   0.037029   0.034688   0.031995   0.028970   0.025628   0.021985   0.018054   0.013848   0.009379   0.004660   -0.000295   -0.005474   -0.010860   -0.016437   -0.022190   -0.028098   -0.034142   -0.040298   -0.046507   -0.052785   -0.059111   -0.065473   -0.071786   -0.078108   -0.084391   -0.090678   -0.096878   -0.103047   -0.109114   -0.115132   -0.121068   -0.126877   -0.132585   -0.138163   -0.143619   -0.148954   -0.154152   -0.159210   -0.164141   -0.168941   
0.032539   0.033906   0.035199   0.036391   0.037467   0.038397   0.039129   0.039525   0.039480   0.038949   0.037929   0.036405   0.034416   0.032003   0.029196   0.026018   0.022490   0.018630   0.014454   0.009978   0.005217   0.000185   -0.005102   -0.010628   -0.016375   -0.022324   -0.028455   -0.034744   -0.041118   -0.047623   -0.054221   -0.060871   -0.067547   -0.074221   -0.080954   -0.087677   -0.094342   -0.100987   -0.107569   -0.114123   -0.120591   -0.126953   -0.133234   -0.139385   -0.145442   -0.151375   -0.157163   -0.162812   -0.168320   -0.173687   -0.178929   -0.184045   
0.028975   0.030439   0.031813   0.033074   0.034209   0.035193   0.035986   0.036513   0.036618   0.036217   0.035285   0.033806   0.031798   0.029314   0.026390   0.023055   0.019335   0.015251   0.010823   0.006068   0.001004   -0.004351   -0.009979   -0.015861   -0.021977   -0.028301   -0.034754   -0.041397   -0.048182   -0.055048   -0.062024   -0.069022   -0.076140   -0.083247   -0.090370   -0.097451   -0.104554   -0.111624   -0.118609   -0.125539   -0.132371   -0.139127   -0.145790   -0.152329   -0.158737   -0.165016   -0.171137   -0.177126   -0.182973   -0.188681   -0.194254   -0.199700   
0.025493   0.027060   0.028525   0.029861   0.031057   0.032094   0.032935   0.033522   0.033753   0.033475   0.032627   0.031195   0.029175   0.026619   0.023575   0.020079   0.016160   0.011845   0.007155   0.002112   -0.003263   -0.008950   -0.014927   -0.021172   -0.027593   -0.034267   -0.041138   -0.048139   -0.055283   -0.062561   -0.069990   -0.077428   -0.084951   -0.092465   -0.100035   -0.107594   -0.115081   -0.122546   -0.129944   -0.137294   -0.144559   -0.151707   -0.158755   -0.165663   -0.172447   -0.179091   -0.185586   -0.191931   -0.198130   -0.204187   -0.210108   -0.215902   
0.022087   0.023757   0.025317   0.026736   0.027999   0.029090   0.029974   0.030599   0.030896   0.030724   0.029962   0.028574   0.026543   0.023915   0.020748   0.017085   0.012961   0.008406   0.003447   -0.001891   -0.007586   -0.013612   -0.019872   -0.026451   -0.033288   -0.040312   -0.047536   -0.054965   -0.062592   -0.070307   -0.078136   -0.086034   -0.094019   -0.102003   -0.109989   -0.117959   -0.125901   -0.133819   -0.141666   -0.149430   -0.157109   -0.164662   -0.172112   -0.179430   -0.186606   -0.193630   -0.200501   -0.207218   -0.213785   -0.220209   -0.226497   -0.232659   
0.018772   0.020525   0.022180   0.023686   0.025020   0.026167   0.027093   0.027747   0.028072   0.027975   0.027288   0.025938   0.023900   0.021199   0.017906   0.014071   0.009735   0.004933   -0.000303   -0.005945   -0.011960   -0.018229   -0.024890   -0.031801   -0.038976   -0.046428   -0.054144   -0.062012   -0.070044   -0.078237   -0.086560   -0.094925   -0.103339   -0.111772   -0.120215   -0.128669   -0.137070   -0.145432   -0.153712   -0.161918   -0.170028   -0.178025   -0.185894   -0.193622   -0.201200   -0.208622   -0.215884   -0.222990   -0.229945   -0.236755   -0.243430   -0.249979   
0.015556   0.017374   0.019107   0.020698   0.022105   0.023311   0.024279   0.024959   0.025300   0.025228   0.024604   0.023290   0.021241   0.018468   0.015045   0.011032   0.006478   0.001424   -0.004094   -0.009978   -0.016301   -0.022903   -0.029879   -0.037206   -0.044869   -0.052753   -0.060868   -0.069225   -0.077777   -0.086430   -0.095192   -0.104022   -0.112909   -0.121847   -0.130765   -0.139685   -0.148547   -0.157372   -0.166126   -0.174790   -0.183347   -0.191783   -0.200085   -0.208238   -0.216235   -0.224070   -0.231742   -0.239256   -0.246616   -0.253832   -0.260911   -0.267867   
0.012456   0.014310   0.016100   0.017762   0.019243   0.020509   0.021520   0.022223   0.022572   0.022502   0.021912   0.020628   0.018565   0.015718   0.012162   0.007967   0.003190   -0.002117   -0.007840   -0.014073   -0.020686   -0.027617   -0.035063   -0.042805   -0.050852   -0.059223   -0.067863   -0.076678   -0.085661   -0.094804   -0.104050   -0.113401   -0.122776   -0.132199   -0.141599   -0.151003   -0.160367   -0.169672   -0.178898   -0.188029   -0.197048   -0.205939   -0.214688   -0.223283   -0.231715   -0.239981   -0.248081   -0.256020   -0.263805   -0.271444   -0.278947   -0.286329   
0.009506   0.011341   0.013167   0.014878   0.016425   0.017752   0.018804   0.019530   0.019884   0.019805   0.019214   0.017950   0.015869   0.012948   0.009256   0.004877   -0.000097   -0.005620   -0.011665   -0.018153   -0.025118   -0.032507   -0.040309   -0.048523   -0.057088   -0.065906   -0.074975   -0.084286   -0.093773   -0.103434   -0.113180   -0.123029   -0.132903   -0.142825   -0.152750   -0.162654   -0.172514   -0.182310   -0.192024   -0.201638   -0.211133   -0.220495   -0.229708   -0.238761   -0.247646   -0.256361   -0.264906   -0.273289   -0.281516   -0.289597   -0.297543   -0.305369   

