# Pitch angle vector - x axis (matrix columns) (deg)
-10.00   -9.00   -8.00   -7.00   -6.00   -5.00   -4.00   -3.00   -2.00   -1.00   0.00   1.00   2.00   3.00   4.00   5.00   6.00   7.00   8.00   9.00   10.00   11.00   12.00   13.00   14.00   15.00   16.00   17.00   18.00   19.00   20.00   21.00   22.00   23.00   24.00   25.00   26.00   27.00   28.00   29.00   30.00   31.00   32.00   33.00   34.00   35.00   36.00   37.00   38.00   39.00   40.00   
# TSR vector - y axis (matrix raws) (-)
3.00   4.00   5.00   6.00   7.00   8.00   9.00   10.00   11.00   
# Wind speed vector - z axis (m/s)
3.00   

# Power coefficient

-0.00354   0.00636   0.01654   0.02699   0.03766   0.04847   0.05936   0.07021   0.08092   0.09134   0.10132   0.11074   0.11945   0.12734   0.13431   0.14023   0.14504   0.14868   0.15116   0.15252   0.15281   0.15205   0.15024   0.14738   0.14346   0.13846   0.13235   0.12514   0.11685   0.10753   0.09726   0.08610   0.07413   0.06144   0.04814   0.03431   0.02009   0.00562   -0.00899   -0.02365   -0.03824   -0.05262   -0.06670   -0.08042   -0.09377   -0.10666   -0.11899   -0.13059   -0.14131   -0.15103   -0.15972   
0.03307   0.05493   0.07657   0.09777   0.11830   0.13793   0.15643   0.17359   0.18923   0.20319   0.21532   0.22552   0.23365   0.23969   0.24355   0.24518   0.24452   0.24148   0.23597   0.22803   0.21776   0.20533   0.19096   0.17489   0.15736   0.13852   0.11849   0.09734   0.07514   0.05196   0.02793   0.00324   -0.02185   -0.04702   -0.07201   -0.09670   -0.12105   -0.14496   -0.16845   -0.19166   -0.21457   -0.23696   -0.25828   -0.27804   -0.29597   -0.31210   -0.32668   -0.34009   -0.35273   -0.36498   -0.37713   
0.09536   0.12982   0.16262   0.19357   0.22256   0.24945   0.27401   0.29588   0.31455   0.32958   0.34056   0.34713   0.34914   0.34655   0.33947   0.32825   0.31336   0.29536   0.27469   0.25173   0.22673   0.19989   0.17136   0.14115   0.10923   0.07556   0.04019   0.00328   -0.03482   -0.07361   -0.11251   -0.15096   -0.18860   -0.22551   -0.26189   -0.29809   -0.33471   -0.37185   -0.40886   -0.44448   -0.47765   -0.50800   -0.53576   -0.56152   -0.58591   -0.60954   -0.63281   -0.65605   -0.67943   -0.70308   -0.72713   
0.15868   0.20657   0.25195   0.29426   0.33263   0.36593   0.39332   0.41443   0.42879   0.43615   0.43685   0.43162   0.42100   0.40551   0.38565   0.36190   0.33467   0.30429   0.27102   0.23506   0.19651   0.15530   0.11126   0.06426   0.01435   -0.03826   -0.09294   -0.14881   -0.20491   -0.26032   -0.31430   -0.36690   -0.41878   -0.47116   -0.52551   -0.58219   -0.63964   -0.69549   -0.74796   -0.79659   -0.84195   -0.88488   -0.92616   -0.96645   -1.00626   -1.04609   -1.08645   -1.12768   -1.16996   -1.21328   -1.25751   
0.20790   0.26698   0.31887   0.36269   0.39793   0.42557   0.44698   0.46296   0.47326   0.47728   0.47504   0.46624   0.45095   0.42939   0.40198   0.36922   0.33161   0.28954   0.24331   0.19291   0.13810   0.07858   0.01425   -0.05475   -0.12777   -0.20360   -0.28076   -0.35778   -0.43334   -0.50657   -0.57791   -0.64923   -0.72342   -0.80302   -0.88704   -0.97179   -1.05365   -1.13076   -1.20325   -1.27207   -1.33816   -1.40239   -1.46564   -1.52894   -1.59333   -1.65939   -1.72717   -1.79640   -1.86673   -1.93790   -2.00965   
0.19905   0.25588   0.30355   0.34365   0.37732   0.40560   0.42928   0.44881   0.46446   0.47507   0.47898   0.47397   0.45936   0.43524   0.40212   0.36091   0.31252   0.25745   0.19575   0.12710   0.05116   -0.03219   -0.12268   -0.21916   -0.31979   -0.42242   -0.52495   -0.62550   -0.72282   -0.81751   -0.91267   -1.01368   -1.12453   -1.24340   -1.36440   -1.48209   -1.59380   -1.69972   -1.80094   -1.89860   -1.99406   -2.08897   -2.18510   -2.28356   -2.38448   -2.48741   -2.59183   -2.69738   -2.80374   -2.91064   -3.01783   
0.13295   0.19369   0.24475   0.28800   0.32520   0.35817   0.38776   0.41290   0.43357   0.44999   0.46134   0.46373   0.45309   0.42849   0.39052   0.34051   0.27979   0.20882   0.12749   0.03549   -0.06736   -0.18069   -0.30308   -0.43201   -0.56462   -0.69792   -0.82927   -0.95666   -1.08010   -1.20320   -1.33424   -1.48044   -1.64108   -1.80806   -1.97290   -2.13064   -2.28081   -2.42463   -2.56377   -2.70043   -2.83724   -2.97635   -3.11864   -3.26381   -3.41122   -3.56029   -3.71059   -3.86173   -4.01338   -4.16522   -4.31696   
0.04423   0.10803   0.16441   0.21451   0.25870   0.29774   0.33268   0.36458   0.39233   0.41454   0.43104   0.44022   0.43521   0.41148   0.36882   0.30876   0.23302   0.14225   0.03643   -0.08462   -0.22065   -0.37019   -0.53020   -0.69695   -0.86648   -1.03496   -1.19931   -1.35815   -1.51410   -1.67715   -1.85990   -2.06632   -2.28784   -2.51170   -2.72848   -2.93556   -3.13403   -3.32624   -3.51550   -3.70533   -3.89814   -4.09462   -4.29445   -4.49691   -4.70134   -4.90718   -5.11396   -5.32122   -5.52858   -5.73565   -5.94207   
-0.02835   0.03150   0.08288   0.13055   0.17870   0.22631   0.26950   0.30770   0.34147   0.37094   0.39315   0.40729   0.40748   0.38513   0.33740   0.26532   0.17123   0.05620   -0.07963   -0.23612   -0.41208   -0.60427   -0.80812   -1.01860   -1.23048   -1.43908   -1.64135   -1.83744   -2.03571   -2.25382   -2.50499   -2.78528   -3.07854   -3.36855   -3.64733   -3.91461   -4.17324   -4.42769   -4.68258   -4.94076   -5.20293   -5.46897   -5.73823   -6.00991   -6.28329   -6.55775   -6.83274   -7.10774   -7.38227   -7.65590   -7.92818   


#  Thrust coefficient

0.21044   0.21296   0.21574   0.21874   0.22187   0.22505   0.22814   0.23103   0.23357   0.23563   0.23708   0.23780   0.23774   0.23683   0.23509   0.23253   0.22919   0.22516   0.22051   0.21534   0.20970   0.20358   0.19692   0.18964   0.18167   0.17293   0.16339   0.15302   0.14183   0.12984   0.11711   0.10374   0.08982   0.07546   0.06076   0.04582   0.03076   0.01568   0.00072   -0.01399   -0.02829   -0.04202   -0.05497   -0.06692   -0.07765   -0.08697   -0.09474   -0.10089   -0.10544   -0.10844   -0.10998   
0.35208   0.35859   0.36451   0.36956   0.37350   0.37615   0.37735   0.37704   0.37524   0.37206   0.36768   0.36228   0.35603   0.34903   0.34120   0.33238   0.32238   0.31095   0.29793   0.28322   0.26684   0.24884   0.22938   0.20863   0.18679   0.16403   0.14050   0.11637   0.09179   0.06689   0.04181   0.01668   -0.00837   -0.03317   -0.05754   -0.08120   -0.10382   -0.12501   -0.14435   -0.16137   -0.17569   -0.18705   -0.19538   -0.20073   -0.20328   -0.20331   -0.20124   -0.19757   -0.19285   -0.18759   -0.18219   
0.54505   0.54989   0.55242   0.55266   0.55077   0.54709   0.54197   0.53569   0.52836   0.51979   0.50961   0.49733   0.48251   0.46488   0.44431   0.42097   0.39517   0.36722   0.33743   0.30603   0.27325   0.23927   0.20429   0.16847   0.13200   0.09506   0.05783   0.02048   -0.01681   -0.05386   -0.09045   -0.12633   -0.16112   -0.19428   -0.22512   -0.25290   -0.27683   -0.29625   -0.31079   -0.32044   -0.32540   -0.32609   -0.32315   -0.31742   -0.30983   -0.30122   -0.29223   -0.28333   -0.27478   -0.26675   -0.25934   
0.76259   0.76100   0.75723   0.75165   0.74440   0.73531   0.72388   0.70963   0.69184   0.66999   0.64412   0.61467   0.58200   0.54647   0.50835   0.46791   0.42539   0.38101   0.33498   0.28751   0.23880   0.18906   0.13854   0.08745   0.03606   -0.01540   -0.06669   -0.11756   -0.16775   -0.21689   -0.26447   -0.30972   -0.35157   -0.38883   -0.42028   -0.44494   -0.46240   -0.47276   -0.47652   -0.47449   -0.46778   -0.45768   -0.44542   -0.43206   -0.41840   -0.40510   -0.39269   -0.38152   -0.37166   -0.36310   -0.35570   
1.00256   0.99274   0.97932   0.96195   0.94010   0.91414   0.88479   0.85273   0.81797   0.78023   0.73952   0.69553   0.64822   0.59768   0.54412   0.48781   0.42907   0.36820   0.30549   0.24122   0.17571   0.10926   0.04222   -0.02511   -0.09237   -0.15926   -0.22543   -0.29048   -0.35386   -0.41473   -0.47183   -0.52353   -0.56808   -0.60381   -0.62980   -0.64601   -0.65303   -0.65187   -0.64395   -0.63091   -0.61439   -0.59585   -0.57658   -0.55776   -0.54047   -0.52525   -0.51212   -0.50080   -0.49100   -0.48246   -0.47497   
1.23998   1.21260   1.17872   1.13950   1.09678   1.05203   1.00595   0.95885   0.91098   0.86183   0.81033   0.75500   0.69521   0.63091   0.56228   0.48986   0.41422   0.33590   0.25535   0.17303   0.08938   0.00487   -0.08006   -0.16496   -0.24937   -0.33285   -0.41486   -0.49466   -0.57108   -0.64242   -0.70651   -0.76097   -0.80366   -0.83358   -0.85097   -0.85675   -0.85235   -0.83963   -0.82070   -0.79766   -0.77245   -0.74698   -0.72309   -0.70193   -0.68371   -0.66801   -0.65441   -0.64257   -0.63223   -0.62317   -0.61518   
1.43364   1.39312   1.34655   1.29510   1.23947   1.17980   1.11730   1.05419   0.99108   0.92834   0.86551   0.80001   0.72890   0.65137   0.56762   0.47837   0.38474   0.28762   0.18773   0.08578   -0.01760   -0.12176   -0.22611   -0.33003   -0.43296   -0.53422   -0.63293   -0.72767   -0.81640   -0.89650   -0.96489   -1.01875   -1.05663   -1.07880   -1.08630   -1.08079   -1.06454   -1.04022   -1.01064   -0.97853   -0.94658   -0.91710   -0.89120   -0.86883   -0.84948   -0.83266   -0.81801   -0.80523   -0.79404   -0.78416   -0.77537   
1.59946   1.55510   1.49987   1.43678   1.36880   1.29754   1.22380   1.14661   1.06745   0.98909   0.91188   0.83472   0.75250   0.66193   0.56266   0.45560   0.34260   0.22512   0.10427   -0.01899   -0.14377   -0.26924   -0.39463   -0.51916   -0.64203   -0.76225   -0.87829   -0.98786   -1.08805   -1.17521   -1.24554   -1.29662   -1.32830   -1.34151   -1.33798   -1.32026   -1.29165   -1.25593   -1.21685   -1.17789   -1.14174   -1.10965   -1.08175   -1.05753   -1.03646   -1.01811   -1.00211   -0.98811   -0.97579   -0.96486   -0.95503   
1.70310   1.66784   1.62193   1.56387   1.49150   1.40853   1.32214   1.23361   1.14173   1.04724   0.95402   0.86247   0.76799   0.66413   0.54881   0.42284   0.28906   0.14960   0.00605   -0.14030   -0.28829   -0.43687   -0.58501   -0.73173   -0.87596   -1.01617   -1.15001   -1.27436   -1.38526   -1.47796   -1.54850   -1.59564   -1.61991   -1.62282   -1.60703   -1.57631   -1.53548   -1.48959   -1.44307   -1.39909   -1.35928   -1.32422   -1.29370   -1.26714   -1.24401   -1.22385   -1.20623   -1.19078   -1.17712   -1.16490   -1.15378   


# Torque coefficient

-0.00118   0.00212   0.00552   0.00901   0.01256   0.01617   0.01980   0.02343   0.02700   0.03047   0.03381   0.03695   0.03985   0.04249   0.04481   0.04679   0.04839   0.04961   0.05044   0.05089   0.05099   0.05073   0.05013   0.04917   0.04786   0.04620   0.04416   0.04175   0.03899   0.03588   0.03245   0.02873   0.02473   0.02050   0.01606   0.01145   0.00670   0.00188   -0.00300   -0.00789   -0.01276   -0.01756   -0.02225   -0.02683   -0.03129   -0.03559   -0.03970   -0.04357   -0.04715   -0.05039   -0.05329   
0.00828   0.01375   0.01916   0.02447   0.02960   0.03452   0.03914   0.04344   0.04735   0.05084   0.05388   0.05643   0.05847   0.05998   0.06094   0.06135   0.06119   0.06043   0.05905   0.05706   0.05449   0.05138   0.04779   0.04377   0.03938   0.03466   0.02965   0.02436   0.01880   0.01300   0.00699   0.00081   -0.00547   -0.01177   -0.01802   -0.02420   -0.03029   -0.03627   -0.04215   -0.04796   -0.05369   -0.05930   -0.06463   -0.06958   -0.07406   -0.07810   -0.08175   -0.08510   -0.08827   -0.09133   -0.09437   
0.01909   0.02599   0.03256   0.03875   0.04455   0.04994   0.05485   0.05923   0.06297   0.06598   0.06818   0.06949   0.06989   0.06938   0.06796   0.06571   0.06273   0.05913   0.05499   0.05039   0.04539   0.04002   0.03430   0.02826   0.02187   0.01513   0.00805   0.00066   -0.00697   -0.01474   -0.02252   -0.03022   -0.03776   -0.04515   -0.05243   -0.05968   -0.06701   -0.07444   -0.08185   -0.08898   -0.09562   -0.10170   -0.10725   -0.11241   -0.11729   -0.12202   -0.12668   -0.13133   -0.13601   -0.14075   -0.14556   
0.02647   0.03446   0.04203   0.04909   0.05549   0.06105   0.06562   0.06914   0.07153   0.07276   0.07288   0.07201   0.07023   0.06765   0.06434   0.06037   0.05583   0.05076   0.04521   0.03921   0.03278   0.02591   0.01856   0.01072   0.00239   -0.00638   -0.01551   -0.02483   -0.03418   -0.04343   -0.05243   -0.06121   -0.06986   -0.07860   -0.08767   -0.09712   -0.10671   -0.11603   -0.12478   -0.13289   -0.14046   -0.14762   -0.15451   -0.16123   -0.16787   -0.17452   -0.18125   -0.18813   -0.19518   -0.20241   -0.20978   
0.02973   0.03818   0.04560   0.05186   0.05690   0.06085   0.06392   0.06620   0.06767   0.06825   0.06793   0.06667   0.06448   0.06140   0.05748   0.05280   0.04742   0.04140   0.03479   0.02758   0.01975   0.01124   0.00204   -0.00783   -0.01827   -0.02911   -0.04015   -0.05116   -0.06196   -0.07244   -0.08264   -0.09284   -0.10344   -0.11483   -0.12684   -0.13896   -0.15067   -0.16169   -0.17206   -0.18190   -0.19135   -0.20053   -0.20958   -0.21863   -0.22784   -0.23728   -0.24697   -0.25687   -0.26693   -0.27711   -0.28737   
0.02490   0.03202   0.03798   0.04300   0.04721   0.05075   0.05371   0.05615   0.05811   0.05944   0.05993   0.05930   0.05747   0.05446   0.05031   0.04516   0.03910   0.03221   0.02449   0.01590   0.00640   -0.00403   -0.01535   -0.02742   -0.04001   -0.05285   -0.06568   -0.07826   -0.09044   -0.10229   -0.11419   -0.12683   -0.14070   -0.15557   -0.17071   -0.18544   -0.19941   -0.21267   -0.22533   -0.23755   -0.24949   -0.26137   -0.27340   -0.28572   -0.29834   -0.31122   -0.32429   -0.33749   -0.35080   -0.36418   -0.37759   
0.01479   0.02154   0.02722   0.03203   0.03617   0.03983   0.04313   0.04592   0.04822   0.05005   0.05131   0.05157   0.05039   0.04766   0.04343   0.03787   0.03112   0.02322   0.01418   0.00395   -0.00749   -0.02010   -0.03371   -0.04805   -0.06279   -0.07762   -0.09223   -0.10640   -0.12013   -0.13382   -0.14839   -0.16465   -0.18252   -0.20109   -0.21942   -0.23696   -0.25367   -0.26966   -0.28513   -0.30033   -0.31555   -0.33102   -0.34685   -0.36299   -0.37939   -0.39597   -0.41268   -0.42949   -0.44636   -0.46324   -0.48012   
0.00443   0.01081   0.01646   0.02147   0.02589   0.02980   0.03330   0.03649   0.03927   0.04149   0.04315   0.04406   0.04356   0.04119   0.03692   0.03091   0.02332   0.01424   0.00365   -0.00847   -0.02209   -0.03705   -0.05307   -0.06976   -0.08673   -0.10360   -0.12005   -0.13594   -0.15155   -0.16787   -0.18617   -0.20683   -0.22900   -0.25141   -0.27311   -0.29384   -0.31370   -0.33294   -0.35188   -0.37089   -0.39019   -0.40985   -0.42985   -0.45012   -0.47058   -0.49119   -0.51188   -0.53263   -0.55338   -0.57411   -0.59477   
-0.00258   0.00287   0.00754   0.01188   0.01626   0.02059   0.02452   0.02800   0.03107   0.03375   0.03577   0.03706   0.03708   0.03504   0.03070   0.02414   0.01558   0.00511   -0.00725   -0.02149   -0.03750   -0.05499   -0.07354   -0.09269   -0.11197   -0.13095   -0.14936   -0.16720   -0.18524   -0.20509   -0.22794   -0.25345   -0.28013   -0.30652   -0.33189   -0.35621   -0.37975   -0.40290   -0.42609   -0.44959   -0.47344   -0.49765   -0.52215   -0.54688   -0.57175   -0.59673   -0.62175   -0.64677   -0.67176   -0.69665   -0.72143   

