# ----- Rotor performance tables for the NREL-5MW wind turbine ----- 
# ------------ Written on Dec-17-20 using the ROSCO toolbox ------------ 

# Pitch angle vector, 52 entries - x axis (matrix columns) (deg)
-1.0   -0.5   0.0   0.5   1.0   1.5   2.0   2.5   3.0   3.5   4.0   4.5   5.0   5.5   6.0   6.5   7.0   7.5   8.0   8.5   9.0   9.5   10.0   10.5   11.0   11.5   12.0   12.5   13.0   13.5   14.0   14.5   15.0   15.5   16.0   16.5   17.0   17.5   18.0   18.5   19.0   19.5   20.0   20.5   21.0   21.5   22.0   22.5   23.0   23.5   24.0   24.5   
# TSR vector, 24 entries - y axis (matrix rows) (-)
3.0    3.5    4.0    4.5    5.0    5.5    6.0    6.5    7.0    7.5    8.0    8.5    9.0    9.5    10.0    10.5    11.0    11.5    12.0    12.5    13.0    13.5    14.0    14.5    
# Wind speed vector - z axis (m/s)
11.4    

# Power coefficient

0.091686   0.096575   0.101314   0.105894   0.110305   0.114538   0.118583   0.122431   0.126073   0.129497   0.132692   0.135647   0.138350   0.140792   0.142964   0.144862   0.146489   0.147849   0.148944   0.149780   0.150362   0.150689   0.150761   0.150584   0.150158   0.149481   0.148560   0.147399   0.145993   0.144332   0.142397   0.140162   0.137607   0.134728   0.131540   0.128046   0.124241   0.120135   0.115747   0.111088   0.106162   0.100977   0.095542   0.089878   0.084011   0.077963   0.071754   0.065400   0.058916   0.052316   0.045611   0.038813   
0.143960   0.149596   0.154953   0.160020   0.164780   0.169215   0.173312   0.177055   0.180438   0.183463   0.186134   0.188453   0.190421   0.192038   0.193294   0.194177   0.194678   0.194796   0.194534   0.193895   0.192872   0.191448   0.189595   0.187279   0.184490   0.181249   0.177562   0.173422   0.168848   0.163866   0.158486   0.152708   0.146540   0.140009   0.133154   0.126003   0.118581   0.110911   0.103012   0.094905   0.086606   0.078132   0.069499   0.060720   0.051807   0.042773   0.033628   0.024379   0.015033   0.005593   -0.003935   -0.013542   
0.200999   0.207057   0.212709   0.217944   0.222753   0.227130   0.231064   0.234540   0.237530   0.240009   0.241950   0.243324   0.244105   0.244277   0.243810   0.242667   0.240834   0.238334   0.235185   0.231387   0.226970   0.221974   0.216406   0.210270   0.203596   0.196433   0.188826   0.180813   0.172423   0.163680   0.154596   0.145188   0.135473   0.125468   0.115192   0.104662   0.093900   0.082925   0.071756   0.060409   0.048901   0.037244   0.025448   0.013520   0.001458   -0.010738   -0.023067   -0.035520   -0.048079   -0.060714   -0.073394   -0.086081   
0.262109   0.268883   0.275108   0.280728   0.285675   0.289866   0.293225   0.295673   0.297120   0.297523   0.296898   0.295282   0.292698   0.289211   0.284905   0.279806   0.273940   0.267362   0.260137   0.252325   0.243968   0.235104   0.225765   0.215975   0.205747   0.195099   0.184044   0.172594   0.160751   0.148531   0.135955   0.123045   0.109826   0.096324   0.082563   0.068565   0.054349   0.039931   0.025323   0.010531   -0.004446   -0.019615   -0.034984   -0.050555   -0.066317   -0.082239   -0.098275   -0.114365   -0.130442   -0.146438   -0.162296   -0.177964   
0.329812   0.336766   0.342452   0.346750   0.349588   0.350936   0.350796   0.349261   0.346468   0.342512   0.337517   0.331617   0.324917   0.317486   0.309376   0.300628   0.291272   0.281333   0.270832   0.259781   0.248190   0.236072   0.223439   0.210294   0.196656   0.182542   0.167952   0.152901   0.137415   0.121524   0.105259   0.088650   0.071726   0.054509   0.037018   0.019268   0.001262   -0.017001   -0.035533   -0.054348   -0.073456   -0.092852   -0.112507   -0.132362   -0.152329   -0.172296   -0.192145   -0.211771   -0.231094   -0.250061   -0.268667   -0.286970   
0.394666   0.398340   0.400011   0.399772   0.397807   0.394382   0.389766   0.384156   0.377676   0.370393   0.362345   0.353560   0.344063   0.333874   0.323009   0.311479   0.299287   0.286434   0.272921   0.258750   0.243930   0.228475   0.212388   0.195693   0.178407   0.160534   0.142107   0.123163   0.103741   0.083878   0.063607   0.042956   0.021945   0.000587   -0.021117   -0.043176   -0.065611   -0.088442   -0.111678   -0.135309   -0.159287   -0.183520   -0.207873   -0.232173   -0.256248   -0.279945   -0.303158   -0.325827   -0.347971   -0.369705   -0.391262   -0.412935   
0.438041   0.437071   0.434596   0.430880   0.426094   0.420359   0.413722   0.406207   0.397833   0.388615   0.378568   0.367703   0.356023   0.343527   0.330207   0.316055   0.301063   0.285225   0.268542   0.251030   0.232706   0.213585   0.193700   0.173080   0.151740   0.129725   0.107083   0.083863   0.060108   0.035853   0.011125   -0.014063   -0.039710   -0.065831   -0.092454   -0.119604   -0.147289   -0.175499   -0.204180   -0.233212   -0.262421   -0.291590   -0.320480   -0.348856   -0.376558   -0.403501   -0.429701   -0.455310   -0.480649   -0.506137   -0.532192   -0.559071   
0.457967   0.455979   0.452866   0.448704   0.443478   0.437192   0.429833   0.421406   0.411921   0.401383   0.389793   0.377143   0.363427   0.348637   0.332762   0.315796   0.297737   0.278593   0.258384   0.237143   0.214897   0.191699   0.167596   0.142611   0.116800   0.090223   0.062939   0.034999   0.006435   -0.022730   -0.052490   -0.082859   -0.113873   -0.145563   -0.177938   -0.210991   -0.244676   -0.278878   -0.313397   -0.347990   -0.382360   -0.416171   -0.449143   -0.481129   -0.512100   -0.542199   -0.571792   -0.601400   -0.631581   -0.662858   -0.695509   -0.729432   
0.464498   0.464022   0.462253   0.459125   0.454597   0.448659   0.441298   0.432496   0.422256   0.410593   0.397517   0.383032   0.367139   0.349836   0.331124   0.311013   0.289519   0.266671   0.242518   0.217117   0.190536   0.162847   0.134077   0.104292   0.073568   0.041975   0.009566   -0.023623   -0.057573   -0.092287   -0.127803   -0.164159   -0.201376   -0.239448   -0.278345   -0.317981   -0.358171   -0.398656   -0.439117   -0.479156   -0.518328   -0.556326   -0.593032   -0.628509   -0.663068   -0.697272   -0.731776   -0.767305   -0.804602   -0.844026   -0.885395   -0.928069   
0.463490   0.465456   0.465861   0.464541   0.461379   0.456308   0.449315   0.440385   0.429515   0.416742   0.402103   0.385624   0.367325   0.347224   0.325347   0.301724   0.276400   0.249437   0.220931   0.190965   0.159637   0.126994   0.093102   0.058054   0.021935   -0.015195   -0.053297   -0.092353   -0.132381   -0.173430   -0.215535   -0.258703   -0.302917   -0.348116   -0.394172   -0.440851   -0.487834   -0.534719   -0.580989   -0.626097   -0.669719   -0.711769   -0.752399   -0.792065   -0.831452   -0.871377   -0.912845   -0.956832   -1.003839   -1.053712   -1.105589   -1.157942   
0.457445   0.462118   0.465005   0.465848   0.464411   0.460553   0.454181   0.445286   0.433864   0.419956   0.403639   0.384976   0.364016   0.340815   0.315425   0.287912   0.258360   0.226890   0.193623   0.158676   0.122136   0.084062   0.044567   0.003751   -0.038313   -0.081577   -0.126023   -0.171682   -0.218606   -0.266826   -0.316340   -0.367115   -0.419059   -0.472010   -0.525699   -0.579747   -0.633667   -0.686835   -0.738622   -0.788647   -0.836834   -0.883378   -0.928785   -0.973867   -1.019688   -1.067499   -1.118620   -1.173918   -1.233318   -1.295643   -1.358741   -1.420196   
0.447852   0.455065   0.460425   0.463528   0.463989   0.461544   0.456010   0.447287   0.435373   0.420293   0.402165   0.381108   0.357222   0.330602   0.301344   0.269564   0.235402   0.199023   0.160566   0.120178   0.077923   0.033922   -0.011703   -0.058857   -0.107479   -0.157552   -0.209107   -0.262202   -0.316861   -0.373081   -0.430808   -0.489920   -0.550233   -0.611454   -0.673151   -0.734763   -0.795604   -0.854950   -0.912315   -0.967576   -1.020857   -1.072658   -1.123956   -1.176043   -1.230487   -1.289087   -1.353172   -1.422769   -1.496497   -1.571675   -1.645302   -1.715018   
0.436246   0.445302   0.452807   0.458044   0.460431   0.459481   0.454894   0.446450   0.434075   0.417776   0.397696   0.374029   0.346937   0.316572   0.283092   0.246669   0.207494   0.165768   0.121668   0.075329   0.026850   -0.023617   -0.075950   -0.130068   -0.185943   -0.243605   -0.303110   -0.364486   -0.427726   -0.492758   -0.559435   -0.627554   -0.696810   -0.766737   -0.836734   -0.906076   -0.973950   -1.039720   -1.103096   -1.164038   -1.222996   -1.281053   -1.339770   -1.401135   -1.467400   -1.540381   -1.620400   -1.706144   -1.794614   -1.882156   -1.965735   -2.043742   
0.423215   0.433838   0.442899   0.449901   0.454053   0.454561   0.450936   0.442819   0.429986   0.412415   0.390235   0.363729   0.333142   0.298704   0.260640   0.219175   0.174562   0.127028   0.076794   0.023972   -0.031277   -0.088793   -0.148468   -0.210254   -0.274167   -0.340263   -0.408575   -0.479093   -0.551737   -0.626339   -0.702675   -0.780434   -0.859149   -0.938209   -1.016871   -1.094266   -1.169580   -1.242227   -1.311915   -1.378939   -1.444423   -1.510230   -1.578792   -1.652747   -1.734397   -1.824636   -1.922541   -2.025159   -2.128205   -2.227776   -2.321411   -2.408660   
0.408674   0.420901   0.431280   0.439602   0.445167   0.446986   0.444233   0.436413   0.423112   0.404196   0.379761   0.350179   0.315806   0.276958   0.233927   0.187001   0.136491   0.082669   0.025768   -0.034083   -0.096686   -0.161889   -0.229613   -0.299849   -0.372646   -0.448043   -0.526034   -0.606537   -0.689370   -0.774290   -0.860978   -0.948986   -1.037730   -1.126473   -1.214335   -1.300336   -1.383513   -1.463216   -1.539437   -1.613237   -1.686737   -1.762787   -1.844401   -1.934314   -2.034203   -2.143851   -2.260837   -2.380548   -2.498120   -2.609888   -2.714447   -2.812213   
0.392491   0.406405   0.418111   0.427478   0.434088   0.436949   0.434927   0.427276   0.413446   0.393090   0.366239   0.333342   0.294883   0.251269   0.202866   0.150036   0.093151   0.032543   -0.031589   -0.099055   -0.169648   -0.243241   -0.319787   -0.399315   -0.481868   -0.567451   -0.655988   -0.747293   -0.841105   -0.937092   -1.034831   -1.133787   -1.233270   -1.332426   -1.430180   -1.525198   -1.616348   -1.703164   -1.786462   -1.868477   -1.952417   -2.041710   -2.139500   -2.248231   -2.368690   -2.499440   -2.636225   -2.773342   -2.905702   -3.030419   -3.147086   -3.256787   
0.374551   0.390255   0.403289   0.413633   0.421002   0.424581   0.423063   0.415431   0.400961   0.379056   0.349628   0.313171   0.270309   0.221553   0.167352   0.108158   0.044405   -0.023539   -0.095487   -0.171196   -0.250473   -0.333217   -0.419415   -0.509110   -0.602317   -0.698977   -0.798913   -0.901850   -1.007440   -1.115268   -1.224860   -1.335606   -1.446724   -1.557133   -1.665242   -1.769373   -1.868434   -1.962750   -2.054428   -2.146905   -2.244050   -2.349485   -2.466255   -2.596280   -2.739406   -2.892593   -3.049892   -3.204882   -3.352672   -3.491425   -3.621561   -3.744691   
0.354752   0.372334   0.386719   0.398034   0.405978   0.410020   0.408744   0.400923   0.385629   0.362055   0.329881   0.289605   0.242007   0.187713   0.127271   0.061233   -0.009910   -0.085775   -0.166158   -0.250791   -0.339498   -0.432205   -0.528928   -0.629697   -0.734472   -0.843099   -0.955298   -1.070713   -1.188911   -1.309458   -1.431845   -1.555409   -1.679152   -1.801410   -1.920015   -2.033135   -2.140330   -2.243249   -2.345296   -2.450757   -2.563821   -2.688095   -2.826409   -2.980057   -3.147779   -3.324589   -3.503220   -3.676702   -3.840906   -3.994974   -4.140058   -4.278165   
0.333003   0.352535   0.368316   0.380579   0.389001   0.393289   0.392004   0.383778   0.367452   0.342047   0.306944   0.262575   0.209888   0.149643   0.082498   0.009108   -0.069969   -0.154379   -0.243863   -0.338148   -0.437077   -0.540610   -0.648769   -0.761543   -0.878808   -1.000297   -1.125646   -1.254409   -1.386141   -1.520417   -1.656724   -1.794237   -1.931386   -2.065753   -2.194733   -2.316934   -2.433122   -2.546326   -2.661010   -2.782001   -2.913585   -3.059222   -3.221522   -3.401112   -3.595200   -3.796876   -3.997663   -4.190496   -4.372318   -4.543140   -4.704715   -4.859431   
0.309270   0.330763   0.347981   0.361170   0.370019   0.374392   0.372880   0.363997   0.346417   0.318994   0.280755   0.232004   0.173858   0.107229   0.032901   -0.048376   -0.135979   -0.229588   -0.328881   -0.433590   -0.543585   -0.658850   -0.779386   -0.905111   -1.035790   -1.171061   -1.310469   -1.453531   -1.599847   -1.749032   -1.900506   -2.052951   -2.203972   -2.350395   -2.489774   -2.621652   -2.748220   -2.873670   -3.003362   -3.142397   -3.294941   -3.464396   -3.653136   -3.860958   -4.083147   -4.310923   -4.534716   -4.748034   -4.948847   -5.137970   -5.317645   -5.490751   
0.283675   0.306945   0.325613   0.339718   0.348964   0.353279   0.351362   0.341596   0.322521   0.292845   0.251245   0.197806   0.133815   0.060349   -0.021672   -0.111393   -0.208162   -0.311656   -0.421508   -0.537461   -0.659413   -0.787350   -0.921225   -1.060853   -1.205892   -1.355887   -1.510319   -1.668744   -1.830843   -1.996256   -2.164074   -2.332161   -2.497172   -2.655653   -2.805822   -2.948494   -3.087060   -3.226908   -3.374013   -3.533490   -3.709339   -3.905075   -4.122787   -4.361112   -4.613131   -4.868160   -5.115993   -5.351129   -5.572447   -5.781483   -5.980987   -6.174479   
0.256313   0.281113   0.301131   0.316140   0.325760   0.329900   0.327415   0.316551   0.295744   0.263542   0.218342   0.159893   0.089649   0.008870   -0.081378   -0.180142   -0.286748   -0.400854   -0.522056   -0.650120   -0.784958   -0.926532   -1.074719   -1.229217   -1.389587   -1.555287   -1.725804   -1.900784   -2.080005   -2.262980   -2.448103   -2.632228   -2.811255   -2.982086   -3.143907   -3.298695   -3.451088   -3.607597   -3.774480   -3.956652   -4.158169   -4.382714   -4.632027   -4.903130   -5.186626   -5.470040   -5.743189   -6.001619   -6.245055   -6.475706   -6.696930   -6.913061   
0.227413   0.253359   0.274487   0.290363   0.300332   0.304212   0.301010   0.288835   0.266040   0.231032   0.181968   0.118169   0.041242   -0.047355   -0.146395   -0.254826   -0.371984   -0.497465   -0.630855   -0.771933   -0.920613   -1.076810   -1.240294   -1.410655   -1.587356   -1.769814   -1.957580   -2.150441   -2.348192   -2.549934   -2.753074   -2.953396   -3.146694   -3.330549   -3.505110   -3.673491   -3.841738   -4.017198   -4.206100   -4.413187   -4.642786   -4.898798   -5.182427   -5.488527   -5.805056   -6.118101   -6.418029   -6.701347   -6.968601   -7.222692   -7.467747   -7.708985   
0.197326   0.223779   0.245733   0.262323   0.272607   0.276159   0.272110   0.258429   0.233378   0.195259   0.142039   0.072526   -0.011538   -0.108485   -0.216915   -0.335674   -0.464126   -0.601784   -0.748233   -0.903263   -1.066769   -1.238589   -1.418378   -1.605623   -1.799699   -2.000051   -2.206350   -2.418500   -2.636179   -2.857697   -3.079288   -3.296071   -3.504186   -3.702011   -3.890511   -4.074130   -4.260392   -4.457052   -4.670103   -4.904358   -5.164549   -5.454851   -5.775547   -6.118766   -6.469853   -6.813950   -7.142266   -7.452152   -7.745026   -8.024547   -8.295764   -8.564753   


#  Thrust coefficient

0.234756   0.235098   0.235255   0.235221   0.234993   0.234569   0.233948   0.233132   0.232126   0.230935   0.229565   0.228026   0.226326   0.224475   0.222484   0.220367   0.218143   0.215830   0.213440   0.210985   0.208473   0.205897   0.203249   0.200520   0.197693   0.194748   0.191672   0.188451   0.185067   0.181496   0.177711   0.173674   0.169360   0.164764   0.159907   0.154797   0.149434   0.143835   0.138024   0.132018   0.125825   0.119455   0.112914   0.106220   0.099398   0.092467   0.085443   0.078340   0.071172   0.063949   0.056685   0.049388   
0.301210   0.300178   0.298869   0.297294   0.295464   0.293395   0.291107   0.288627   0.285985   0.283218   0.280362   0.277443   0.274473   0.271460   0.268391   0.265247   0.262007   0.258643   0.255130   0.251439   0.247532   0.243356   0.238852   0.233954   0.228637   0.222926   0.216830   0.210353   0.203516   0.196365   0.188917   0.181179   0.173159   0.164881   0.156385   0.147701   0.138854   0.129865   0.120751   0.111530   0.102214   0.092819   0.083356   0.073836   0.064271   0.054670   0.045044   0.035403   0.025754   0.016104   0.006460   -0.003173   
0.368432   0.365580   0.362520   0.359307   0.355993   0.352622   0.349221   0.345797   0.342334   0.338808   0.335182   0.331415   0.327457   0.323254   0.318711   0.313719   0.308189   0.302102   0.295450   0.288217   0.280436   0.272167   0.263431   0.254243   0.244639   0.234678   0.224405   0.213869   0.203103   0.192134   0.180973   0.169639   0.158152   0.146528   0.134784   0.122931   0.110984   0.098957   0.086862   0.074712   0.062520   0.050300   0.038061   0.025814   0.013566   0.001323   -0.010909   -0.023120   -0.035298   -0.047426   -0.059484   -0.071448   
0.437544   0.433904   0.430278   0.426640   0.422940   0.419113   0.415089   0.410773   0.406018   0.400690   0.394702   0.387999   0.380509   0.372237   0.363246   0.353556   0.343190   0.332211   0.320701   0.308737   0.296376   0.283672   0.270674   0.257422   0.243937   0.230244   0.216365   0.202316   0.188092   0.173710   0.159188   0.144540   0.129783   0.114933   0.100004   0.085011   0.069970   0.054894   0.039795   0.024683   0.009565   -0.005552   -0.020663   -0.035756   -0.050818   -0.065828   -0.080761   -0.095585   -0.110260   -0.124736   -0.138960   -0.152872   
0.516328   0.512429   0.508094   0.503177   0.497562   0.491132   0.483752   0.475370   0.466005   0.455647   0.444344   0.432201   0.419336   0.405845   0.391808   0.377291   0.362349   0.347030   0.331374   0.315414   0.299182   0.282710   0.266026   0.249137   0.232071   0.214846   0.197454   0.179904   0.162213   0.144399   0.126478   0.108467   0.090382   0.072240   0.054055   0.035842   0.017608   -0.000638   -0.018892   -0.037145   -0.055386   -0.073597   -0.091750   -0.109810   -0.127731   -0.145456   -0.162918   -0.180051   -0.196784   -0.213050   -0.228774   -0.243872   
0.601387   0.594193   0.585824   0.576185   0.565236   0.553073   0.539859   0.525730   0.510799   0.495162   0.478901   0.462084   0.444769   0.427006   0.408839   0.390303   0.371429   0.352242   0.332767   0.313031   0.293070   0.272910   0.252557   0.232040   0.211368   0.190524   0.169524   0.148386   0.127130   0.105773   0.084335   0.062833   0.041284   0.019697   -0.001917   -0.023554   -0.045208   -0.066868   -0.088516   -0.110121   -0.131639   -0.153015   -0.174175   -0.195039   -0.215526   -0.235556   -0.255049   -0.273925   -0.292101   -0.309478   -0.325924   -0.341278   
0.676693   0.663493   0.649128   0.633734   0.617406   0.600231   0.582286   0.563646   0.544379   0.524544   0.504195   0.483376   0.462125   0.440472   0.418443   0.396064   0.373358   0.350349   0.327062   0.303536   0.279804   0.255874   0.231775   0.207513   0.183064   0.158448   0.133686   0.108799   0.083811   0.058741   0.033605   0.008415   -0.016820   -0.042096   -0.067406   -0.092739   -0.118066   -0.143344   -0.168514   -0.193496   -0.218193   -0.242505   -0.266339   -0.289603   -0.312201   -0.334045   -0.355042   -0.375084   -0.394026   -0.411691   -0.427876   -0.442359   
0.735696   0.717971   0.699319   0.679810   0.659490   0.638420   0.616641   0.594205   0.571164   0.547566   0.523450   0.498848   0.473790   0.448305   0.422421   0.396163   0.369559   0.342637   0.315437   0.288007   0.260360   0.232526   0.204512   0.176287   0.147873   0.119295   0.090579   0.061750   0.032826   0.003821   -0.025256   -0.054398   -0.083602   -0.112854   -0.142121   -0.171350   -0.200467   -0.229372   -0.257947   -0.286074   -0.313640   -0.340537   -0.366661   -0.391907   -0.416171   -0.439342   -0.461284   -0.481820   -0.500752   -0.517862   -0.532889   -0.545514   
0.784285   0.763334   0.741493   0.718779   0.695217   0.670850   0.645715   0.619836   0.593258   0.566032   0.538206   0.509821   0.480917   0.451528   0.421690   0.391435   0.360798   0.329819   0.298558   0.267054   0.235326   0.203399   0.171229   0.138837   0.106253   0.073508   0.040624   0.007621   -0.025491   -0.058700   -0.092007   -0.125399   -0.158843   -0.192280   -0.225631   -0.258782   -0.291594   -0.323928   -0.355648   -0.386628   -0.416743   -0.445877   -0.473917   -0.500747   -0.526240   -0.550247   -0.572594   -0.593073   -0.611418   -0.627302   -0.640346   -0.650149   
0.826266   0.802658   0.778188   0.752782   0.726411   0.699073   0.670805   0.641636   0.611601   0.580767   0.549205   0.516976   0.484132   0.450723   0.416794   0.382388   0.347553   0.312353   0.276858   0.241089   0.205091   0.168820   0.132281   0.095509   0.058537   0.021390   -0.015913   -0.053359   -0.090942   -0.128658   -0.166478   -0.204347   -0.242184   -0.279875   -0.317269   -0.354198   -0.390504   -0.426033   -0.460636   -0.494179   -0.526540   -0.557600   -0.587232   -0.615312   -0.641708   -0.666239   -0.688659   -0.708659   -0.725848   -0.739762   -0.749926   -0.755987   
0.863809   0.837677   0.810735   0.782840   0.753864   0.723759   0.692505   0.660143   0.626704   0.592259   0.556910   0.520749   0.483849   0.446280   0.408103   0.369376   0.330166   0.290566   0.250636   0.210419   0.169909   0.129068   0.087938   0.046556   0.004949   -0.036860   -0.078857   -0.121038   -0.163388   -0.205862   -0.248386   -0.290853   -0.333115   -0.374988   -0.416283   -0.456817   -0.496411   -0.534898   -0.572141   -0.608017   -0.642397   -0.675163   -0.706208   -0.735403   -0.762552   -0.787386   -0.809541   -0.828540   -0.843850   -0.854935   -0.861381   -0.863009   
0.898284   0.869454   0.839959   0.809582   0.778078   0.745308   0.711195   0.675718   0.638918   0.600851   0.561654   0.521459   0.480375   0.438494   0.395899   0.352671   0.308904   0.264717   0.220154   0.175268   0.129994   0.084356   0.038399   -0.007845   -0.054349   -0.101097   -0.148080   -0.195274   -0.242618   -0.290022   -0.337354   -0.384434   -0.431053   -0.476994   -0.522046   -0.566004   -0.608688   -0.649962   -0.689695   -0.727766   -0.764072   -0.798514   -0.830961   -0.861212   -0.888968   -0.913802   -0.935169   -0.952485   -0.965155   -0.972683   -0.974811   -0.971542   
0.931027   0.898924   0.866582   0.833560   0.799502   0.764091   0.727171   0.688643   0.648509   0.606810   0.563696   0.519359   0.473951   0.427596   0.380407   0.332488   0.283976   0.234992   0.185599   0.135791   0.085524   0.034851   -0.016186   -0.067553   -0.119230   -0.171200   -0.223433   -0.275854   -0.328360   -0.380798   -0.432958   -0.484607   -0.535499   -0.585388   -0.634048   -0.681289   -0.726965   -0.770950   -0.813132   -0.853422   -0.891721   -0.927900   -0.961752   -0.992944   -1.021004   -1.045347   -1.065338   -1.080327   -1.089724   -1.093146   -1.090502   -1.082097   
0.962814   0.927055   0.891330   0.855331   0.818549   0.780439   0.740704   0.699156   0.655695   0.610347   0.563246   0.514652   0.464772   0.413774   0.361803   0.309002   0.255555   0.201569   0.147124   0.092140   0.036641   -0.019316   -0.075690   -0.132453   -0.189578   -0.247028   -0.304724   -0.362549   -0.420330   -0.477836   -0.534810   -0.590971   -0.646043   -0.699775   -0.751962   -0.802449   -0.851114   -0.897856   -0.942592   -0.985226   -1.025625   -1.063577   -1.098723   -1.130576   -1.158523   -1.181885   -1.199963   -1.212073   -1.217675   -1.216529   -1.208810   -1.195215   
0.993908   0.954307   0.914846   0.875441   0.835616   0.794668   0.752042   0.707449   0.660663   0.611639   0.560476   0.507502   0.452996   0.397179   0.340238   0.282362   0.223775   0.164585   0.104835   0.044439   -0.016537   -0.078034   -0.140014   -0.202441   -0.265270   -0.328420   -0.391766   -0.455121   -0.518236   -0.580827   -0.642586   -0.703201   -0.762395   -0.819940   -0.875671   -0.929464   -0.981224   -1.030875   -1.078327   -1.123440   -1.165991   -1.205616   -1.241827   -1.274006   -1.301438   -1.323379   -1.339064   -1.347795   -1.349133   -1.343056   -1.330112   -1.311369   
1.024461   0.980866   0.937489   0.894329   0.851104   0.807089   0.761450   0.713718   0.663572   0.610828   0.555529   0.498048   0.438759   0.377943   0.315838   0.252695   0.188759   0.124161   0.058841   -0.007210   -0.073915   -0.141218   -0.209068   -0.277414   -0.346176   -0.415225   -0.484368   -0.553339   -0.621832   -0.689513   -0.756036   -0.821091   -0.884420   -0.945840   -1.005217   -1.062459   -1.117496   -1.170247   -1.220568   -1.268222   -1.312850   -1.353975   -1.390993   -1.423175   -1.449734   -1.469842   -1.482671   -1.487557   -1.484225   -1.472977   -1.454750   -1.430950   
1.054590   1.006869   0.959390   0.912273   0.865327   0.817945   0.769108   0.718128   0.664559   0.608041   0.548527   0.486411   0.422175   0.356176   0.288713   0.220109   0.150621   0.080364   0.009228   -0.062727   -0.135421   -0.208788   -0.282763   -0.357268   -0.432177   -0.507295   -0.582348   -0.657008   -0.730921   -0.803708   -0.875019   -0.944558   -1.012114   -1.077537   -1.140727   -1.201620   -1.260146   -1.316165   -1.369430   -1.419584   -1.466168   -1.508604   -1.546178   -1.578077   -1.603417   -1.621283   -1.630806   -1.631424   -1.623105   -1.606538   -1.583019   -1.554263   
1.084384   1.032402   0.980656   0.929428   0.878503   0.827493   0.775237   0.720856   0.663743   0.603390   0.539578   0.472693   0.403344   0.331975   0.258956   0.184692   0.109434   0.033260   -0.043935   -0.122047   -0.200986   -0.280670   -0.361019   -0.441912   -0.523161   -0.604491   -0.685556   -0.765983   -0.845366   -0.923312   -0.999480   -1.073615   -1.145544   -1.215149   -1.282366   -1.347138   -1.409337   -1.468718   -1.524920   -1.577499   -1.625906   -1.669470   -1.707377   -1.738711   -1.762486   -1.777700   -1.783498   -1.779477   -1.765941   -1.743955   -1.715150   -1.681534   
1.113896   1.057533   1.001379   0.945871   0.890777   0.835898   0.780002   0.722055   0.661259   0.596974   0.528773   0.456982   0.382346   0.305415   0.226642   0.146505   0.065268   -0.017088   -0.100589   -0.185110   -0.270547   -0.356805   -0.443771   -0.531267   -0.619028   -0.706698   -0.793883   -0.880160   -0.965092   -1.048286   -1.129434   -1.208322   -1.284809   -1.358817   -1.430301   -1.499152   -1.565142   -1.627912   -1.687017   -1.741935   -1.792041   -1.836566   -1.874588   -1.905074   -1.926934   -1.939097   -1.940785   -1.931820   -1.912886   -1.885403   -1.851321   -1.812957   
1.143093   1.082307   1.021619   0.961668   0.902254   0.843302   0.783557   0.721843   0.657210   0.588882   0.516187   0.439348   0.359250   0.276561   0.191837   0.105614   0.018160   -0.070628   -0.160683   -0.251867   -0.344060   -0.437146   -0.530963   -0.625261   -0.719689   -0.813833   -0.907253   -0.999480   -1.090067   -1.178640   -1.264932   -1.348761   -1.430027   -1.508684   -1.584649   -1.657726   -1.727568   -1.793728   -1.855690   -1.912870   -1.964564   -2.009891   -2.047808   -2.077158   -2.096752   -2.105488   -2.102712   -2.088554   -2.064071   -2.031023   -1.991678   -1.948723   
1.171736   1.106731   1.041419   0.976878   0.913010   0.849786   0.786007   0.720337   0.651695   0.579184   0.501886   0.419852   0.334113   0.245468   0.154593   0.062077   -0.031851   -0.127315   -0.224178   -0.322282   -0.421492   -0.521657   -0.622547   -0.723829   -0.825079   -0.925839   -1.025616   -1.123916   -1.220296   -1.314414   -1.406037   -1.495024   -1.581314   -1.664852   -1.745475   -1.822871   -1.896602   -1.966142   -2.030921   -2.090297   -2.143474   -2.189445   -2.227031   -2.254956   -2.271933   -2.276886   -2.269336   -2.249773   -2.219606   -2.180927   -2.136371   -2.089055   
1.199665   1.130687   1.060803   0.991545   0.923092   0.855416   0.787425   0.717615   0.644798   0.567939   0.485924   0.398547   0.306984   0.212187   0.114961   0.015928   -0.084730   -0.187120   -0.291046   -0.396334   -0.502823   -0.610306   -0.718477   -0.826919   -0.935156   -1.042676   -1.148950   -1.253467   -1.355807   -1.455655   -1.552820   -1.647205   -1.738766   -1.827384   -1.912794   -1.994581   -2.072223   -2.145133   -2.212699   -2.274218   -2.328774   -2.375226   -2.412252   -2.438456   -2.452480   -2.453312   -2.440720   -2.415560   -2.379579   -2.335224   -2.285564   -2.234206   
1.226569   1.154008   1.079755   1.005702   0.932536   0.860255   0.787882   0.713750   0.636575   0.555208   0.468351   0.375479   0.277909   0.176760   0.072976   -0.032793   -0.140450   -0.250021   -0.361273   -0.474009   -0.588030   -0.703061   -0.818712   -0.934497   -1.049886   -1.164323   -1.277246   -1.388150   -1.496631   -1.602414   -1.705352   -1.805389   -1.902443   -1.996305   -2.086605   -2.172841   -2.254411   -2.330690   -2.401028   -2.464635   -2.520465   -2.567230   -2.603459   -2.627645   -2.638392   -2.634795   -2.616924   -2.585987   -2.544069   -2.494031   -2.439454   -2.384425   
1.252024   1.176555   1.098156   1.019368   0.941373   0.864347   0.787439   0.708813   0.627098   0.541045   0.449210   0.350690   0.246925   0.139220   0.028662   -0.084077   -0.198996   -0.316005   -0.434846   -0.555293   -0.677094   -0.799895   -0.923225   -1.046538   -1.169251   -1.290769   -1.410513   -1.527985   -1.642804   -1.754744   -1.863707   -1.969636   -2.072377   -2.171618   -2.266900   -2.357633   -2.443154   -2.522812   -2.595911   -2.661551   -2.718548   -2.765449   -2.800637   -2.822515   -2.829676   -2.821369   -2.798002   -2.761109   -2.713156   -2.657489   -2.598249   -2.539943   


# Torque coefficient

0.030591   0.032222   0.033804   0.035332   0.036803   0.038216   0.039565   0.040849   0.042064   0.043207   0.044273   0.045259   0.046161   0.046975   0.047700   0.048333   0.048876   0.049330   0.049695   0.049974   0.050168   0.050278   0.050302   0.050243   0.050100   0.049874   0.049567   0.049180   0.048711   0.048156   0.047511   0.046765   0.045913   0.044952   0.043888   0.042723   0.041453   0.040083   0.038619   0.037065   0.035421   0.033691   0.031878   0.029988   0.028030   0.026013   0.023941   0.021821   0.019658   0.017455   0.015218   0.012950   
0.041171   0.042782   0.044314   0.045764   0.047125   0.048393   0.049565   0.050635   0.051603   0.052468   0.053232   0.053895   0.054458   0.054920   0.055280   0.055532   0.055675   0.055709   0.055634   0.055451   0.055159   0.054751   0.054221   0.053559   0.052762   0.051835   0.050780   0.049596   0.048288   0.046864   0.045325   0.043672   0.041909   0.040041   0.038080   0.036035   0.033913   0.031719   0.029460   0.027141   0.024768   0.022345   0.019876   0.017365   0.014816   0.012233   0.009617   0.006972   0.004299   0.001599   -0.001125   -0.003873   
0.050298   0.051814   0.053228   0.054538   0.055741   0.056837   0.057821   0.058691   0.059439   0.060059   0.060545   0.060889   0.061084   0.061127   0.061010   0.060725   0.060266   0.059640   0.058852   0.057902   0.056797   0.055546   0.054153   0.052618   0.050947   0.049155   0.047252   0.045246   0.043147   0.040959   0.038686   0.036331   0.033900   0.031397   0.028825   0.026190   0.023497   0.020751   0.017956   0.015117   0.012237   0.009320   0.006368   0.003383   0.000365   -0.002687   -0.005772   -0.008888   -0.012031   -0.015193   -0.018366   -0.021541   
0.058302   0.059809   0.061193   0.062443   0.063544   0.064476   0.065223   0.065768   0.066090   0.066179   0.066040   0.065681   0.065106   0.064330   0.063373   0.062238   0.060934   0.059470   0.057863   0.056126   0.054267   0.052295   0.050218   0.048040   0.045765   0.043397   0.040938   0.038391   0.035756   0.033038   0.030241   0.027369   0.024429   0.021426   0.018365   0.015251   0.012089   0.008882   0.005633   0.002343   -0.000989   -0.004363   -0.007782   -0.011245   -0.014751   -0.018293   -0.021860   -0.025439   -0.029015   -0.032573   -0.036100   -0.039585   
0.066025   0.067417   0.068556   0.069416   0.069984   0.070254   0.070226   0.069919   0.069360   0.068568   0.067568   0.066387   0.065045   0.063558   0.061934   0.060183   0.058310   0.056320   0.054218   0.052006   0.049685   0.047259   0.044730   0.042099   0.039369   0.036543   0.033622   0.030609   0.027509   0.024328   0.021072   0.017747   0.014359   0.010912   0.007411   0.003857   0.000253   -0.003403   -0.007113   -0.010880   -0.014705   -0.018588   -0.022523   -0.026498   -0.030495   -0.034492   -0.038466   -0.042395   -0.046263   -0.050060   -0.053785   -0.057449   
0.071826   0.072494   0.072799   0.072755   0.072397   0.071774   0.070934   0.069913   0.068734   0.067408   0.065944   0.064345   0.062616   0.060762   0.058785   0.056686   0.054468   0.052129   0.049669   0.047090   0.044393   0.041580   0.038653   0.035614   0.032469   0.029216   0.025862   0.022415   0.018880   0.015265   0.011576   0.007818   0.003994   0.000107   -0.003843   -0.007858   -0.011941   -0.016096   -0.020324   -0.024625   -0.028989   -0.033399   -0.037831   -0.042254   -0.046635   -0.050948   -0.055172   -0.059298   -0.063328   -0.067283   -0.071206   -0.075151   
0.073076   0.072915   0.072502   0.071882   0.071083   0.070127   0.069019   0.067766   0.066369   0.064831   0.063155   0.061342   0.059394   0.057309   0.055087   0.052726   0.050225   0.047583   0.044800   0.041878   0.038821   0.035631   0.032314   0.028874   0.025314   0.021641   0.017864   0.013990   0.010027   0.005981   0.001856   -0.002346   -0.006625   -0.010982   -0.015424   -0.019953   -0.024572   -0.029278   -0.034062   -0.038906   -0.043778   -0.048645   -0.053464   -0.058198   -0.062820   -0.067314   -0.071685   -0.075957   -0.080185   -0.084436   -0.088783   -0.093267   
0.070524   0.070217   0.069738   0.069097   0.068292   0.067324   0.066191   0.064893   0.063433   0.061810   0.060025   0.058077   0.055965   0.053688   0.051243   0.048630   0.045849   0.042901   0.039789   0.036518   0.033093   0.029520   0.025809   0.021961   0.017986   0.013894   0.009692   0.005390   0.000991   -0.003500   -0.008083   -0.012760   -0.017536   -0.022416   -0.027401   -0.032491   -0.037678   -0.042945   -0.048261   -0.053588   -0.058881   -0.064087   -0.069165   -0.074090   -0.078860   -0.083495   -0.088052   -0.092611   -0.097259   -0.102075   -0.107103   -0.112327   
0.066420   0.066352   0.066099   0.065652   0.065004   0.064155   0.063103   0.061844   0.060380   0.058712   0.056842   0.054771   0.052498   0.050024   0.047348   0.044473   0.041399   0.038132   0.034678   0.031046   0.027245   0.023286   0.019172   0.014913   0.010520   0.006002   0.001368   -0.003378   -0.008233   -0.013196   -0.018275   -0.023474   -0.028795   -0.034239   -0.039801   -0.045469   -0.051216   -0.057005   -0.062791   -0.068516   -0.074117   -0.079551   -0.084800   -0.089872   -0.094814   -0.099705   -0.104639   -0.109719   -0.115053   -0.120690   -0.126605   -0.132708   
0.061858   0.062120   0.062174   0.061998   0.061576   0.060899   0.059966   0.058774   0.057323   0.055618   0.053665   0.051466   0.049023   0.046341   0.043421   0.040268   0.036888   0.033290   0.029486   0.025486   0.021305   0.016949   0.012425   0.007748   0.002927   -0.002028   -0.007113   -0.012325   -0.017668   -0.023146   -0.028765   -0.034527   -0.040427   -0.046460   -0.052606   -0.058836   -0.065106   -0.071364   -0.077539   -0.083559   -0.089381   -0.094993   -0.100415   -0.105709   -0.110966   -0.116294   -0.121829   -0.127699   -0.133973   -0.140629   -0.147552   -0.154539   
0.057235   0.057820   0.058181   0.058287   0.058107   0.057624   0.056827   0.055714   0.054285   0.052544   0.050503   0.048168   0.045545   0.042642   0.039466   0.036023   0.032326   0.028388   0.024226   0.019853   0.015282   0.010518   0.005576   0.000469   -0.004794   -0.010207   -0.015768   -0.021481   -0.027352   -0.033385   -0.039580   -0.045933   -0.052432   -0.059057   -0.065775   -0.072537   -0.079284   -0.085936   -0.092416   -0.098675   -0.104704   -0.110527   -0.116209   -0.121849   -0.127582   -0.133565   -0.139961   -0.146880   -0.154312   -0.162110   -0.170004   -0.177694   
0.052739   0.053588   0.054219   0.054585   0.054639   0.054351   0.053699   0.052672   0.051269   0.049493   0.047359   0.044879   0.042066   0.038931   0.035486   0.031744   0.027721   0.023437   0.018908   0.014152   0.009176   0.003995   -0.001378   -0.006931   -0.012657   -0.018553   -0.024624   -0.030877   -0.037313   -0.043934   -0.050732   -0.057693   -0.064795   -0.072004   -0.079270   -0.086525   -0.093690   -0.100678   -0.107433   -0.113941   -0.120215   -0.126315   -0.132356   -0.138490   -0.144901   -0.151802   -0.159348   -0.167544   -0.176226   -0.185079   -0.193749   -0.201959   
0.048518   0.049525   0.050360   0.050942   0.051208   0.051102   0.050592   0.049653   0.048277   0.046464   0.044231   0.041598   0.038585   0.035208   0.031485   0.027434   0.023077   0.018436   0.013532   0.008378   0.002986   -0.002627   -0.008447   -0.014466   -0.020680   -0.027093   -0.033711   -0.040537   -0.047570   -0.054803   -0.062219   -0.069795   -0.077497   -0.085274   -0.093059   -0.100771   -0.108320   -0.115635   -0.122683   -0.129461   -0.136018   -0.142475   -0.149005   -0.155830   -0.163200   -0.171317   -0.180216   -0.189752   -0.199592   -0.209328   -0.218623   -0.227299   
0.044591   0.045711   0.046665   0.047403   0.047841   0.047894   0.047512   0.046657   0.045305   0.043453   0.041116   0.038324   0.035101   0.031472   0.027462   0.023093   0.018392   0.013384   0.008091   0.002526   -0.003295   -0.009356   -0.015643   -0.022153   -0.028887   -0.035851   -0.043049   -0.050479   -0.058133   -0.065993   -0.074036   -0.082229   -0.090523   -0.098853   -0.107141   -0.115296   -0.123231   -0.130885   -0.138228   -0.145290   -0.152189   -0.159123   -0.166347   -0.174139   -0.182742   -0.192250   -0.202566   -0.213378   -0.224235   -0.234726   -0.244592   -0.253785   
0.040906   0.042130   0.043169   0.044002   0.044559   0.044741   0.044466   0.043683   0.042352   0.040458   0.038012   0.035051   0.031611   0.027722   0.023415   0.018718   0.013662   0.008275   0.002579   -0.003412   -0.009678   -0.016204   -0.022983   -0.030014   -0.037300   -0.044847   -0.052654   -0.060712   -0.069003   -0.077503   -0.086180   -0.094989   -0.103872   -0.112755   -0.121549   -0.130157   -0.138483   -0.146461   -0.154090   -0.161477   -0.168834   -0.176447   -0.184616   -0.193616   -0.203614   -0.214589   -0.226299   -0.238282   -0.250050   -0.261237   -0.271703   -0.281489   
0.037416   0.038742   0.039858   0.040751   0.041381   0.041654   0.041461   0.040732   0.039413   0.037473   0.034913   0.031777   0.028111   0.023953   0.019339   0.014303   0.008880   0.003102   -0.003011   -0.009443   -0.016172   -0.023188   -0.030485   -0.038066   -0.045936   -0.054094   -0.062535   -0.071239   -0.080182   -0.089332   -0.098649   -0.108083   -0.117566   -0.127019   -0.136337   -0.145395   -0.154085   -0.162361   -0.170301   -0.178120   -0.186122   -0.194634   -0.203956   -0.214321   -0.225804   -0.238269   -0.251308   -0.264379   -0.276997   -0.288886   -0.300008   -0.310466   
0.034082   0.035512   0.036698   0.037639   0.038309   0.038635   0.038497   0.037802   0.036486   0.034492   0.031815   0.028497   0.024597   0.020160   0.015228   0.009842   0.004041   -0.002142   -0.008689   -0.015578   -0.022792   -0.030321   -0.038165   -0.046327   -0.054808   -0.063604   -0.072698   -0.082064   -0.091673   -0.101485   -0.111457   -0.121534   -0.131646   -0.141692   -0.151530   -0.161005   -0.170019   -0.178602   -0.186944   -0.195359   -0.204199   -0.213793   -0.224419   -0.236250   -0.249274   -0.263214   -0.277527   -0.291630   -0.305079   -0.317705   -0.329546   -0.340751   
0.030877   0.032408   0.033660   0.034645   0.035336   0.035688   0.035577   0.034896   0.033565   0.031513   0.028713   0.025207   0.021064   0.016338   0.011078   0.005330   -0.000863   -0.007466   -0.014462   -0.021829   -0.029550   -0.037619   -0.046038   -0.054808   -0.063928   -0.073383   -0.083149   -0.093194   -0.103482   -0.113974   -0.124627   -0.135382   -0.146152   -0.156794   -0.167117   -0.176963   -0.186293   -0.195251   -0.204133   -0.213312   -0.223153   -0.233970   -0.246009   -0.259382   -0.273981   -0.289370   -0.304918   -0.320018   -0.334310   -0.347720   -0.360348   -0.372369   
0.027777   0.029406   0.030722   0.031745   0.032448   0.032805   0.032698   0.032012   0.030650   0.028531   0.025603   0.021902   0.017507   0.012482   0.006881   0.000760   -0.005836   -0.012877   -0.020341   -0.028206   -0.036458   -0.045094   -0.054116   -0.063522   -0.073304   -0.083437   -0.093893   -0.104634   -0.115622   -0.126822   -0.138192   -0.149662   -0.161102   -0.172310   -0.183069   -0.193262   -0.202953   -0.212396   -0.221962   -0.232054   -0.243030   -0.255178   -0.268716   -0.283696   -0.299885   -0.316708   -0.333456   -0.349541   -0.364707   -0.378956   -0.392433   -0.405338   
0.024765   0.026486   0.027865   0.028921   0.029630   0.029980   0.029859   0.029148   0.027740   0.025544   0.022482   0.018578   0.013922   0.008586   0.002635   -0.003874   -0.010889   -0.018385   -0.026336   -0.034720   -0.043528   -0.052758   -0.062410   -0.072478   -0.082942   -0.093774   -0.104937   -0.116393   -0.128110   -0.140056   -0.152185   -0.164393   -0.176486   -0.188211   -0.199372   -0.209932   -0.220067   -0.230113   -0.240498   -0.251631   -0.263846   -0.277416   -0.292529   -0.309171   -0.326963   -0.345202   -0.363123   -0.380205   -0.396285   -0.411429   -0.425817   -0.439679   
0.021842   0.023634   0.025071   0.026157   0.026869   0.027201   0.027054   0.026302   0.024833   0.022548   0.019345   0.015230   0.010303   0.004647   -0.001669   -0.008577   -0.016028   -0.023996   -0.032455   -0.041383   -0.050772   -0.060623   -0.070931   -0.081682   -0.092849   -0.104398   -0.116289   -0.128487   -0.140968   -0.153704   -0.166626   -0.179568   -0.192273   -0.204476   -0.216038   -0.227023   -0.237692   -0.248460   -0.259787   -0.272066   -0.285606   -0.300677   -0.317440   -0.335790   -0.355194   -0.374831   -0.393913   -0.412017   -0.429058   -0.445153   -0.460514   -0.475412   
0.019004   0.020843   0.022327   0.023440   0.024153   0.024460   0.024276   0.023471   0.021928   0.019540   0.016189   0.011855   0.006647   0.000658   -0.006034   -0.013357   -0.021261   -0.029721   -0.038708   -0.048203   -0.058200   -0.068697   -0.079685   -0.091140   -0.103030   -0.115316   -0.127959   -0.140933   -0.154221   -0.167788   -0.181514   -0.195166   -0.208440   -0.221106   -0.233104   -0.244581   -0.255880   -0.267484   -0.279857   -0.293365   -0.308306   -0.324955   -0.343440   -0.363541   -0.384561   -0.405574   -0.425827   -0.444988   -0.463037   -0.480139   -0.496541   -0.512566   
0.016259   0.018114   0.019625   0.020760   0.021473   0.021750   0.021521   0.020651   0.019021   0.016518   0.013010   0.008449   0.002949   -0.003386   -0.010467   -0.018219   -0.026596   -0.035567   -0.045104   -0.055191   -0.065821   -0.076988   -0.088677   -0.100857   -0.113491   -0.126536   -0.139960   -0.153749   -0.167888   -0.182312   -0.196836   -0.211158   -0.224978   -0.238123   -0.250604   -0.262642   -0.274671   -0.287216   -0.300722   -0.315528   -0.331943   -0.350247   -0.370526   -0.392411   -0.415042   -0.437424   -0.458867   -0.479124   -0.498231   -0.516398   -0.533919   -0.551166   
0.013622   0.015448   0.016963   0.018108   0.018818   0.019064   0.018784   0.017840   0.016110   0.013479   0.009805   0.005007   -0.000797   -0.007489   -0.014974   -0.023172   -0.032039   -0.041542   -0.051651   -0.062353   -0.073640   -0.085501   -0.097912   -0.110838   -0.124235   -0.138066   -0.152307   -0.166952   -0.181979   -0.197270   -0.212567   -0.227532   -0.241898   -0.255554   -0.268567   -0.281242   -0.294100   -0.307676   -0.322383   -0.338554   -0.356515   -0.376555   -0.398693   -0.422386   -0.446622   -0.470375   -0.493039   -0.514431   -0.534649   -0.553944   -0.572667   -0.591235   

